
VG= 0 to -5 in -0.1 step
VB= 0 to -3 in -0.5 step
NO. VG VB VD ID
 V V V A
1 0 0 -0.05 -1.7E-11
2 -0.1 0 -0.05 -1.0381E-10
3 -0.2 0 -0.05 -8.6251E-10
4 -0.3 0 -0.05 -8.1538E-09
5 -0.4 0 -0.05 -6.9258E-08
6 -0.5 0 -0.05 -3.9618E-07
7 -0.6 0 -0.05 -1.3176E-06
8 -0.7 0 -0.05 -2.8671E-06
9 -0.8 0 -0.05 -4.859E-06
10 -0.9 0 -0.05 -7.1286E-06
11 -1 0 -0.05 -9.5496E-06
12 -1.1 0 -0.05 -1.2105E-05
13 -1.2 0 -0.05 -1.4635E-05
14 -1.3 0 -0.05 -1.7212E-05
15 -1.4 0 -0.05 -1.9804E-05
16 -1.5 0 -0.05 -2.2377E-05
17 -1.6 0 -0.05 -2.4921E-05
18 -1.7 0 -0.05 -2.746E-05
19 -1.8 0 -0.05 -2.9952E-05
20 -1.9 0 -0.05 -3.2427E-05
21 -2 0 -0.05 -3.4857E-05
22 -2.1 0 -0.05 -3.7257E-05
23 -2.2 0 -0.05 -3.9602E-05
24 -2.3 0 -0.05 -4.1922E-05
25 -2.4 0 -0.05 -4.4204E-05
26 -2.5 0 -0.05 -4.6431E-05
27 -2.6 0 -0.05 -4.8642E-05
28 -2.7 0 -0.05 -5.0819E-05
29 -2.8 0 -0.05 -5.2926E-05
30 -2.9 0 -0.05 -5.5046E-05
31 -3 0 -0.05 -5.7098E-05
32 -3.1 0 -0.05 -5.9148E-05
33 -3.2 0 -0.05 -6.1131E-05
34 -3.3 0 -0.05 -6.3077E-05
35 -3.4 0 -0.05 -6.5018E-05
36 -3.5 0 -0.05 -6.6901E-05
37 -3.6 0 -0.05 -6.8778E-05
38 -3.7 0 -0.05 -7.0632E-05
39 -3.8 0 -0.05 -7.2416E-05
40 -3.9 0 -0.05 -7.4247E-05
41 -4 0 -0.05 -7.6E-05
42 -4.1 0 -0.05 -7.7762E-05
43 -4.2 0 -0.05 -7.9449E-05
44 -4.3 0 -0.05 -8.1145E-05
45 -4.4 0 -0.05 -8.2814E-05
46 -4.5 0 -0.05 -8.4436E-05
47 -4.6 0 -0.05 -8.6065E-05
48 -4.7 0 -0.05 -8.7664E-05
49 -4.8 0 -0.05 -8.9205E-05
50 -4.9 0 -0.05 -9.0802E-05
51 -5 0 -0.05 -9.2334E-05
52 0 -0.5 -0.05 -8.364E-08
53 -0.1 -0.5 -0.05 -3.3633E-07
54 -0.2 -0.5 -0.05 -1.01433E-06
55 -0.3 -0.5 -0.05 -2.3069E-06
56 -0.4 -0.5 -0.05 -4.1423E-06
57 -0.5 -0.5 -0.05 -6.357E-06
58 -0.6 -0.5 -0.05 -8.8129E-06
59 -0.7 -0.5 -0.05 -1.14058E-05
60 -0.8 -0.5 -0.05 -1.4106E-05
61 -0.9 -0.5 -0.05 -1.677E-05
62 -1 -0.5 -0.05 -1.9468E-05
63 -1.1 -0.5 -0.05 -2.2174E-05
64 -1.2 -0.5 -0.05 -2.4847E-05
65 -1.3 -0.5 -0.05 -2.7514E-05
66 -1.4 -0.5 -0.05 -3.0132E-05
67 -1.5 -0.5 -0.05 -3.2725E-05
68 -1.6 -0.5 -0.05 -3.5291E-05
69 -1.7 -0.5 -0.05 -3.7797E-05
70 -1.8 -0.5 -0.05 -4.0282E-05
71 -1.9 -0.5 -0.05 -4.2724E-05
72 -2 -0.5 -0.05 -4.5105E-05
73 -2.1 -0.5 -0.05 -4.7492E-05
74 -2.2 -0.5 -0.05 -4.9801E-05
75 -2.3 -0.5 -0.05 -5.209E-05
76 -2.4 -0.5 -0.05 -5.4321E-05
77 -2.5 -0.5 -0.05 -5.6517E-05
78 -2.6 -0.5 -0.05 -5.869E-05
79 -2.7 -0.5 -0.05 -6.0805E-05
80 -2.8 -0.5 -0.05 -6.2898E-05
81 -2.9 -0.5 -0.05 -6.496E-05
82 -3 -0.5 -0.05 -6.6958E-05
83 -3.1 -0.5 -0.05 -6.8986E-05
84 -3.2 -0.5 -0.05 -7.0936E-05
85 -3.3 -0.5 -0.05 -7.2869E-05
86 -3.4 -0.5 -0.05 -7.475E-05
87 -3.5 -0.5 -0.05 -7.6615E-05
88 -3.6 -0.5 -0.05 -7.8472E-05
89 -3.7 -0.5 -0.05 -8.026E-05
90 -3.8 -0.5 -0.05 -8.2047E-05
91 -3.9 -0.5 -0.05 -8.3806E-05
92 -4 -0.5 -0.05 -8.5506E-05
93 -4.1 -0.5 -0.05 -8.7262E-05
94 -4.2 -0.5 -0.05 -8.8935E-05
95 -4.3 -0.5 -0.05 -9.0625E-05
96 -4.4 -0.5 -0.05 -9.2235E-05
97 -4.5 -0.5 -0.05 -9.3839E-05
98 -4.6 -0.5 -0.05 -9.5452E-05
99 -4.7 -0.5 -0.05 -9.699E-05
100 -4.8 -0.5 -0.05 -9.855E-05
101 -4.9 -0.5 -0.05 -0.00010008
102 -5 -0.5 -0.05 -0.000101559
103 0 -1 -0.05 4.3076E-06
104 -0.1 -1 -0.05 2.8853E-06
105 -0.2 -1 -0.05 1.0204E-06
106 -0.3 -1 -0.05 -1.1422E-06
107 -0.4 -1 -0.05 -3.5477E-06
108 -0.5 -1 -0.05 -6.1097E-06
109 -0.6 -1 -0.05 -8.7628E-06
110 -0.7 -1 -0.05 -1.146E-05
111 -0.8 -1 -0.05 -1.416E-05
112 -0.9 -1 -0.05 -1.6858E-05
113 -1 -1 -0.05 -1.9569E-05
114 -1.1 -1 -0.05 -2.223E-05
115 -1.2 -1 -0.05 -2.4877E-05
116 -1.3 -1 -0.05 -2.7482E-05
117 -1.4 -1 -0.05 -3.005E-05
118 -1.5 -1 -0.05 -3.2571E-05
119 -1.6 -1 -0.05 -3.504E-05
120 -1.7 -1 -0.05 -3.7503E-05
121 -1.8 -1 -0.05 -3.9906E-05
122 -1.9 -1 -0.05 -4.2281E-05
123 -2 -1 -0.05 -4.4619E-05
124 -2.1 -1 -0.05 -4.6904E-05
125 -2.2 -1 -0.05 -4.9126E-05
126 -2.3 -1 -0.05 -5.1331E-05
127 -2.4 -1 -0.05 -5.3517E-05
128 -2.5 -1 -0.05 -5.5646E-05
129 -2.6 -1 -0.05 -5.7754E-05
130 -2.7 -1 -0.05 -5.98E-05
131 -2.8 -1 -0.05 -6.1805E-05
132 -2.9 -1 -0.05 -6.3817E-05
133 -3 -1 -0.05 -6.5764E-05
134 -3.1 -1 -0.05 -6.7707E-05
135 -3.2 -1 -0.05 -6.9617E-05
136 -3.3 -1 -0.05 -7.1492E-05
137 -3.4 -1 -0.05 -7.3299E-05
138 -3.5 -1 -0.05 -7.5085E-05
139 -3.6 -1 -0.05 -7.6911E-05
140 -3.7 -1 -0.05 -7.8654E-05
141 -3.8 -1 -0.05 -8.0403E-05
142 -3.9 -1 -0.05 -8.2114E-05
143 -4 -1 -0.05 -8.383E-05
144 -4.1 -1 -0.05 -8.5455E-05
145 -4.2 -1 -0.05 -8.7051E-05
146 -4.3 -1 -0.05 -8.871E-05
147 -4.4 -1 -0.05 -9.0294E-05
148 -4.5 -1 -0.05 -9.1873E-05
149 -4.6 -1 -0.05 -9.3449E-05
150 -4.7 -1 -0.05 -9.4987E-05
151 -4.8 -1 -0.05 -9.6473E-05
152 -4.9 -1 -0.05 -9.7919E-05
153 -5 -1 -0.05 -9.9445E-05
154 0 -1.5 -0.05 4.3108E-06
155 -0.1 -1.5 -0.05 2.8768E-06
156 -0.2 -1.5 -0.05 1.0112E-06
157 -0.3 -1.5 -0.05 -1.1559E-06
158 -0.4 -1.5 -0.05 -3.5572E-06
159 -0.5 -1.5 -0.05 -6.1114E-06
160 -0.6 -1.5 -0.05 -8.7581E-06
161 -0.7 -1.5 -0.05 -1.1461E-05
162 -0.8 -1.5 -0.05 -1.4166E-05
163 -0.9 -1.5 -0.05 -1.6874E-05
164 -1 -1.5 -0.05 -1.9577E-05
165 -1.1 -1.5 -0.05 -2.2252E-05
166 -1.2 -1.5 -0.05 -2.4875E-05
167 -1.3 -1.5 -0.05 -2.7478E-05
168 -1.4 -1.5 -0.05 -3.0046E-05
169 -1.5 -1.5 -0.05 -3.2568E-05
170 -1.6 -1.5 -0.05 -3.5065E-05
171 -1.7 -1.5 -0.05 -3.7507E-05
172 -1.8 -1.5 -0.05 -3.9938E-05
173 -1.9 -1.5 -0.05 -4.2285E-05
174 -2 -1.5 -0.05 -4.4594E-05
175 -2.1 -1.5 -0.05 -4.6891E-05
176 -2.2 -1.5 -0.05 -4.9136E-05
177 -2.3 -1.5 -0.05 -5.1343E-05
178 -2.4 -1.5 -0.05 -5.3525E-05
179 -2.5 -1.5 -0.05 -5.5671E-05
180 -2.6 -1.5 -0.05 -5.7754E-05
181 -2.7 -1.5 -0.05 -5.9795E-05
182 -2.8 -1.5 -0.05 -6.1839E-05
183 -2.9 -1.5 -0.05 -6.3823E-05
184 -3 -1.5 -0.05 -6.5794E-05
185 -3.1 -1.5 -0.05 -6.773E-05
186 -3.2 -1.5 -0.05 -6.9653E-05
187 -3.3 -1.5 -0.05 -7.1495E-05
188 -3.4 -1.5 -0.05 -7.3286E-05
189 -3.5 -1.5 -0.05 -7.5147E-05
190 -3.6 -1.5 -0.05 -7.6916E-05
191 -3.7 -1.5 -0.05 -7.8681E-05
192 -3.8 -1.5 -0.05 -8.041E-05
193 -3.9 -1.5 -0.05 -8.2151E-05
194 -4 -1.5 -0.05 -8.3802E-05
195 -4.1 -1.5 -0.05 -8.5439E-05
196 -4.2 -1.5 -0.05 -8.711E-05
197 -4.3 -1.5 -0.05 -8.8719E-05
198 -4.4 -1.5 -0.05 -9.0326E-05
199 -4.5 -1.5 -0.05 -9.1899E-05
200 -4.6 -1.5 -0.05 -9.3436E-05
201 -4.7 -1.5 -0.05 -9.4948E-05
202 -4.8 -1.5 -0.05 -9.6461E-05
203 -4.9 -1.5 -0.05 -9.7985E-05
204 -5 -1.5 -0.05 -9.9445E-05
205 0 -2 -0.05 4.2978E-06
206 -0.1 -2 -0.05 2.8696E-06
207 -0.2 -2 -0.05 1.0063E-06
208 -0.3 -2 -0.05 -1.1646E-06
209 -0.4 -2 -0.05 -3.5535E-06
210 -0.5 -2 -0.05 -6.1274E-06
211 -0.6 -2 -0.05 -8.7738E-06
212 -0.7 -2 -0.05 -1.1467E-05
213 -0.8 -2 -0.05 -1.4179E-05
214 -0.9 -2 -0.05 -1.6892E-05
215 -1 -2 -0.05 -1.9584E-05
216 -1.1 -2 -0.05 -2.2257E-05
217 -1.2 -2 -0.05 -2.487E-05
218 -1.3 -2 -0.05 -2.7496E-05
219 -1.4 -2 -0.05 -3.0061E-05
220 -1.5 -2 -0.05 -3.2585E-05
221 -1.6 -2 -0.05 -3.5077E-05
222 -1.7 -2 -0.05 -3.7539E-05
223 -1.8 -2 -0.05 -3.9939E-05
224 -1.9 -2 -0.05 -4.2277E-05
225 -2 -2 -0.05 -4.4626E-05
226 -2.1 -2 -0.05 -4.6913E-05
227 -2.2 -2 -0.05 -4.9155E-05
228 -2.3 -2 -0.05 -5.1376E-05
229 -2.4 -2 -0.05 -5.3559E-05
230 -2.5 -2 -0.05 -5.5668E-05
231 -2.6 -2 -0.05 -5.7735E-05
232 -2.7 -2 -0.05 -5.9828E-05
233 -2.8 -2 -0.05 -6.1852E-05
234 -2.9 -2 -0.05 -6.3848E-05
235 -3 -2 -0.05 -6.5821E-05
236 -3.1 -2 -0.05 -6.7756E-05
237 -3.2 -2 -0.05 -6.9617E-05
238 -3.3 -2 -0.05 -7.147E-05
239 -3.4 -2 -0.05 -7.3333E-05
240 -3.5 -2 -0.05 -7.5138E-05
241 -3.6 -2 -0.05 -7.6942E-05
242 -3.7 -2 -0.05 -7.8692E-05
243 -3.8 -2 -0.05 -8.04E-05
244 -3.9 -2 -0.05 -8.2117E-05
245 -4 -2 -0.05 -8.3796E-05
246 -4.1 -2 -0.05 -8.5474E-05
247 -4.2 -2 -0.05 -8.7123E-05
248 -4.3 -2 -0.05 -8.8749E-05
249 -4.4 -2 -0.05 -9.032E-05
250 -4.5 -2 -0.05 -9.1853E-05
251 -4.6 -2 -0.05 -9.3441E-05
252 -4.7 -2 -0.05 -9.4965E-05
253 -4.8 -2 -0.05 -9.6486E-05
254 -4.9 -2 -0.05 -9.8E-05
255 -5 -2 -0.05 -9.9486E-05
256 0 -2.5 -0.05 4.2863E-06
257 -0.1 -2.5 -0.05 2.8565E-06
258 -0.2 -2.5 -0.05 9.4611E-07
259 -0.3 -2.5 -0.05 -7.5627E-07
260 -0.4 -2.5 -0.05 -3.5662E-06
261 -0.5 -2.5 -0.05 -6.114E-06
262 -0.6 -2.5 -0.05 -8.7649E-06
263 -0.7 -2.5 -0.05 -1.1442E-05
264 -0.8 -2.5 -0.05 -1.4159E-05
265 -0.9 -2.5 -0.05 -1.6883E-05
266 -1 -2.5 -0.05 -1.9578E-05
267 -1.1 -2.5 -0.05 -2.2247E-05
268 -1.2 -2.5 -0.05 -2.4885E-05
269 -1.3 -2.5 -0.05 -2.7497E-05
270 -1.4 -2.5 -0.05 -3.0053E-05
271 -1.5 -2.5 -0.05 -3.2575E-05
272 -1.6 -2.5 -0.05 -3.5065E-05
273 -1.7 -2.5 -0.05 -3.7515E-05
274 -1.8 -2.5 -0.05 -3.9941E-05
275 -1.9 -2.5 -0.05 -4.2295E-05
276 -2 -2.5 -0.05 -4.4603E-05
277 -2.1 -2.5 -0.05 -4.6895E-05
278 -2.2 -2.5 -0.05 -4.9145E-05
279 -2.3 -2.5 -0.05 -5.1353E-05
280 -2.4 -2.5 -0.05 -5.3532E-05
281 -2.5 -2.5 -0.05 -5.5686E-05
282 -2.6 -2.5 -0.05 -5.7755E-05
283 -2.7 -2.5 -0.05 -5.9795E-05
284 -2.8 -2.5 -0.05 -6.1836E-05
285 -2.9 -2.5 -0.05 -6.3832E-05
286 -3 -2.5 -0.05 -6.5802E-05
287 -3.1 -2.5 -0.05 -6.7733E-05
288 -3.2 -2.5 -0.05 -6.9663E-05
289 -3.3 -2.5 -0.05 -7.1487E-05
290 -3.4 -2.5 -0.05 -7.3297E-05
291 -3.5 -2.5 -0.05 -7.5134E-05
292 -3.6 -2.5 -0.05 -7.6927E-05
293 -3.7 -2.5 -0.05 -7.8693E-05
294 -3.8 -2.5 -0.05 -8.0427E-05
295 -3.9 -2.5 -0.05 -8.2166E-05
296 -4 -2.5 -0.05 -8.381E-05
297 -4.1 -2.5 -0.05 -8.5437E-05
298 -4.2 -2.5 -0.05 -8.7108E-05
299 -4.3 -2.5 -0.05 -8.8725E-05
300 -4.4 -2.5 -0.05 -9.0327E-05
301 -4.5 -2.5 -0.05 -9.19E-05
302 -4.6 -2.5 -0.05 -9.3473E-05
303 -4.7 -2.5 -0.05 -9.4958E-05
304 -4.8 -2.5 -0.05 -9.646E-05
305 -4.9 -2.5 -0.05 -9.7987E-05
306 -5 -2.5 -0.05 -9.9447E-05
307 0 -3 -0.05 4.3037E-06
308 -0.1 -3 -0.05 2.8713E-06
309 -0.2 -3 -0.05 9.0394E-07
310 -0.3 -3 -0.05 -7.5372E-07
311 -0.4 -3 -0.05 -3.5651E-06
312 -0.5 -3 -0.05 -6.1244E-06
313 -0.6 -3 -0.05 -8.7757E-06
314 -0.7 -3 -0.05 -1.1473E-05
315 -0.8 -3 -0.05 -1.4171E-05
316 -0.9 -3 -0.05 -1.6867E-05
317 -1 -3 -0.05 -1.9583E-05
318 -1.1 -3 -0.05 -2.2249E-05
319 -1.2 -3 -0.05 -2.489E-05
320 -1.3 -3 -0.05 -2.7497E-05
321 -1.4 -3 -0.05 -3.0064E-05
322 -1.5 -3 -0.05 -3.26E-05
323 -1.6 -3 -0.05 -3.506E-05
324 -1.7 -3 -0.05 -3.7528E-05
325 -1.8 -3 -0.05 -3.9931E-05
326 -1.9 -3 -0.05 -4.2298E-05
327 -2 -3 -0.05 -4.4626E-05
328 -2.1 -3 -0.05 -4.6933E-05
329 -2.2 -3 -0.05 -4.9155E-05
330 -2.3 -3 -0.05 -5.1294E-05
331 -2.4 -3 -0.05 -5.3534E-05
332 -2.5 -3 -0.05 -5.5659E-05
333 -2.6 -3 -0.05 -5.7779E-05
334 -2.7 -3 -0.05 -5.9844E-05
335 -2.8 -3 -0.05 -6.1855E-05
336 -2.9 -3 -0.05 -6.3844E-05
337 -3 -3 -0.05 -6.5792E-05
338 -3.1 -3 -0.05 -6.774E-05
339 -3.2 -3 -0.05 -6.964E-05
340 -3.3 -3 -0.05 -7.1512E-05
341 -3.4 -3 -0.05 -7.334E-05
342 -3.5 -3 -0.05 -7.5113E-05
343 -3.6 -3 -0.05 -7.692E-05
344 -3.7 -3 -0.05 -7.8676E-05
345 -3.8 -3 -0.05 -8.0425E-05
346 -3.9 -3 -0.05 -8.2127E-05
347 -4 -3 -0.05 -8.384E-05
348 -4.1 -3 -0.05 -8.5485E-05
349 -4.2 -3 -0.05 -8.7066E-05
350 -4.3 -3 -0.05 -8.8719E-05
351 -4.4 -3 -0.05 -9.0317E-05
352 -4.5 -3 -0.05 -9.1884E-05
353 -4.6 -3 -0.05 -9.3462E-05
354 -4.7 -3 -0.05 -9.5011E-05
355 -4.8 -3 -0.05 -9.649E-05
356 -4.9 -3 -0.05 -9.7929E-05
357 -5 -3 -0.05 -9.9451E-05
