
VG= 0 to -5 in -0.1 step
VD= 0 to -5 in -0.5 step
NO. VG VB VD ID
 V V V A
1 0 3 0 -1.4717E-08
2 -0.1 3 0 -1.6471E-08
3 -0.2 3 0 -1.5712E-08
4 -0.3 3 0 -1.4331E-08
5 -0.4 3 0 -1.6527E-08
6 -0.5 3 0 -1.5659E-08
7 -0.6 3 0 -1.4486E-08
8 -0.7 3 0 -1.6583E-08
9 -0.8 3 0 -1.5616E-08
10 -0.9 3 0 -1.4651E-08
11 -1 3 0 -1.6647E-08
12 -1.1 3 0 -1.5601E-08
13 -1.2 3 0 -1.4792E-08
14 -1.3 3 0 -1.6702E-08
15 -1.4 3 0 -1.5601E-08
16 -1.5 3 0 -1.4953E-08
17 -1.6 3 0 -1.6742E-08
18 -1.7 3 0 -1.5159E-08
19 -1.8 3 0 -1.3203E-08
20 -1.9 3 0 -1.1696E-08
21 -2 3 0 -5.072E-09
22 -2.1 3 0 -4.6275E-09
23 -2.2 3 0 -3.1758E-09
24 -2.3 3 0 -8.299E-10
25 -2.4 3 0 2.1936E-09
26 -2.5 3 0 4.8173E-09
27 -2.6 3 0 7.506E-09
28 -2.7 3 0 1.03174E-08
29 -2.8 3 0 4.7715E-08
30 -2.9 3 0 5.6033E-08
31 -3 3 0 5.9338E-08
32 -3.1 3 0 6.9657E-08
33 -3.2 3 0 7.6416E-08
34 -3.3 3 0 8.0518E-08
35 -3.4 3 0 9.033E-08
36 -3.5 3 0 9.8875E-08
37 -3.6 3 0 1.03146E-07
38 -3.7 3 0 1.11465E-07
39 -3.8 3 0 1.177E-07
40 -3.9 3 0 1.2455E-07
41 -4 3 0 1.2827E-07
42 -4.1 3 0 1.3431E-07
43 -4.2 3 0 1.4282E-07
44 -4.3 3 0 1.4768E-07
45 -4.4 3 0 1.5819E-07
46 -4.5 3 0 1.6246E-07
47 -4.6 3 0 1.6609E-07
48 -4.7 3 0 1.7311E-07
49 -4.8 3 0 1.7686E-07
50 -4.9 3 0 1.8534E-07
51 -5 3 0 1.8974E-07
52 0 3 -0.5 -1.7026E-08
53 -0.1 3 -0.5 -1.5626E-08
54 -0.2 3 -0.5 -1.6013E-08
55 -0.3 3 -0.5 -1.7853E-08
56 -0.4 3 -0.5 -1.5613E-08
57 -0.5 3 -0.5 -1.6142E-08
58 -0.6 3 -0.5 -1.7843E-08
59 -0.7 3 -0.5 -1.5604E-08
60 -0.8 3 -0.5 -1.628E-08
61 -0.9 3 -0.5 -1.7764E-08
62 -1 3 -0.5 -1.5612E-08
63 -1.1 3 -0.5 -1.6425E-08
64 -1.2 3 -0.5 -1.7658E-08
65 -1.3 3 -0.5 -1.5625E-08
66 -1.4 3 -0.5 -1.6572E-08
67 -1.5 3 -0.5 -1.763E-08
68 -1.6 3 -0.5 -1.6552E-08
69 -1.7 3 -0.5 -3.0147E-08
70 -1.8 3 -0.5 -1.3383E-07
71 -1.9 3 -0.5 -5.457E-07
72 -2 3 -0.5 -1.5196E-06
73 -2.1 3 -0.5 -3.2216E-06
74 -2.2 3 -0.5 -5.7617E-06
75 -2.3 3 -0.5 -9.1836E-06
76 -2.4 3 -0.5 -1.3462E-05
77 -2.5 3 -0.5 -1.8438E-05
78 -2.6 3 -0.5 -2.3909E-05
79 -2.7 3 -0.5 -2.9719E-05
80 -2.8 3 -0.5 -3.5744E-05
81 -2.9 3 -0.5 -4.1881E-05
82 -3 3 -0.5 -4.8109E-05
83 -3.1 3 -0.5 -5.437E-05
84 -3.2 3 -0.5 -6.0632E-05
85 -3.3 3 -0.5 -6.6834E-05
86 -3.4 3 -0.5 -7.306E-05
87 -3.5 3 -0.5 -7.9251E-05
88 -3.6 3 -0.5 -8.539E-05
89 -3.7 3 -0.5 -9.1483E-05
90 -3.8 3 -0.5 -9.7516E-05
91 -3.9 3 -0.5 -0.000103493
92 -4 3 -0.5 -0.000109417
93 -4.1 3 -0.5 -0.00011528
94 -4.2 3 -0.5 -0.00012109
95 -4.3 3 -0.5 -0.00012682
96 -4.4 3 -0.5 -0.0001325
97 -4.5 3 -0.5 -0.00013809
98 -4.6 3 -0.5 -0.00014362
99 -4.7 3 -0.5 -0.00014915
100 -4.8 3 -0.5 -0.00015457
101 -4.9 3 -0.5 -0.00015993
102 -5 3 -0.5 -0.00016522
103 0 3 -1 -1.5397E-08
104 -0.1 3 -1 -1.7853E-08
105 -0.2 3 -1 -1.5932E-08
106 -0.3 3 -1 -1.6136E-08
107 -0.4 3 -1 -1.8013E-08
108 -0.5 3 -1 -1.5935E-08
109 -0.6 3 -1 -1.6241E-08
110 -0.7 3 -1 -1.8133E-08
111 -0.8 3 -1 -1.5934E-08
112 -0.9 3 -1 -1.6354E-08
113 -1 3 -1 -1.8161E-08
114 -1.1 3 -1 -1.5937E-08
115 -1.2 3 -1 -1.6502E-08
116 -1.3 3 -1 -1.814E-08
117 -1.4 3 -1 -1.5965E-08
118 -1.5 3 -1 -1.6716E-08
119 -1.6 3 -1 -1.9005E-08
120 -1.7 3 -1 -2.9805E-08
121 -1.8 3 -1 -1.3815E-07
122 -1.9 3 -1 -5.5804E-07
123 -2 3 -1 -1.541E-06
124 -2.1 3 -1 -3.2677E-06
125 -2.2 3 -1 -5.8418E-06
126 -2.3 3 -1 -9.3482E-06
127 -2.4 3 -1 -1.3826E-05
128 -2.5 3 -1 -1.9298E-05
129 -2.6 3 -1 -2.5776E-05
130 -2.7 3 -1 -3.3248E-05
131 -2.8 3 -1 -4.1705E-05
132 -2.9 3 -1 -5.1083E-05
133 -3 3 -1 -6.1299E-05
134 -3.1 3 -1 -7.219E-05
135 -3.2 3 -1 -8.3605E-05
136 -3.3 3 -1 -9.5276E-05
137 -3.4 3 -1 -0.000107257
138 -3.5 3 -1 -0.00011934
139 -3.6 3 -1 -0.00013152
140 -3.7 3 -1 -0.00014368
141 -3.8 3 -1 -0.00015581
142 -3.9 3 -1 -0.00016789
143 -4 3 -1 -0.00017987
144 -4.1 3 -1 -0.00019178
145 -4.2 3 -1 -0.00020359
146 -4.3 3 -1 -0.00021531
147 -4.4 3 -1 -0.00022688
148 -4.5 3 -1 -0.00023836
149 -4.6 3 -1 -0.00024974
150 -4.7 3 -1 -0.00026098
151 -4.8 3 -1 -0.00027212
152 -4.9 3 -1 -0.00028312
153 -5 3 -1 -0.000294
154 0 3 -1.5 -1.6203E-08
155 -0.1 3 -1.5 -1.6798E-08
156 -0.2 3 -1.5 -1.8186E-08
157 -0.3 3 -1.5 -1.6085E-08
158 -0.4 3 -1.5 -1.6923E-08
159 -0.5 3 -1.5 -1.8074E-08
160 -0.6 3 -1.5 -1.6075E-08
161 -0.7 3 -1.5 -1.7039E-08
162 -0.8 3 -1.5 -1.7983E-08
163 -0.9 3 -1.5 -1.6076E-08
164 -1 3 -1.5 -1.712E-08
165 -1.1 3 -1.5 -1.7889E-08
166 -1.2 3 -1.5 -1.6081E-08
167 -1.3 3 -1.5 -1.7199E-08
168 -1.4 3 -1.5 -1.7764E-08
169 -1.5 3 -1.5 -1.6147E-08
170 -1.6 3 -1.5 -1.8214E-08
171 -1.7 3 -1.5 -3.177E-08
172 -1.8 3 -1.5 -1.4072E-07
173 -1.9 3 -1.5 -5.6571E-07
174 -2 3 -1.5 -1.5588E-06
175 -2.1 3 -1.5 -3.2962E-06
176 -2.2 3 -1.5 -5.8902E-06
177 -2.3 3 -1.5 -9.4185E-06
178 -2.4 3 -1.5 -1.3929E-05
179 -2.5 3 -1.5 -1.9444E-05
180 -2.6 3 -1.5 -2.5968E-05
181 -2.7 3 -1.5 -3.3526E-05
182 -2.8 3 -1.5 -4.2107E-05
183 -2.9 3 -1.5 -5.17E-05
184 -3 3 -1.5 -6.2308E-05
185 -3.1 3 -1.5 -7.39E-05
186 -3.2 3 -1.5 -8.6473E-05
187 -3.3 3 -1.5 -9.9863E-05
188 -3.4 3 -1.5 -0.00011424
189 -3.5 3 -1.5 -0.00012947
190 -3.6 3 -1.5 -0.00014535
191 -3.7 3 -1.5 -0.00016185
192 -3.8 3 -1.5 -0.00017879
193 -3.9 3 -1.5 -0.00019603
194 -4 3 -1.5 -0.00021349
195 -4.1 3 -1.5 -0.00023102
196 -4.2 3 -1.5 -0.00024857
197 -4.3 3 -1.5 -0.00026609
198 -4.4 3 -1.5 -0.00028355
199 -4.5 3 -1.5 -0.00030093
200 -4.6 3 -1.5 -0.00031817
201 -4.7 3 -1.5 -0.00033528
202 -4.8 3 -1.5 -0.00035224
203 -4.9 3 -1.5 -0.00036909
204 -5 3 -1.5 -0.00038577
205 0 3 -2 -1.7077E-08
206 -0.1 3 -2 -1.5643E-08
207 -0.2 3 -2 -1.7605E-08
208 -0.3 3 -2 -1.6633E-08
209 -0.4 3 -2 -1.5788E-08
210 -0.5 3 -2 -1.7648E-08
211 -0.6 3 -2 -1.663E-08
212 -0.7 3 -2 -1.5906E-08
213 -0.8 3 -2 -1.7697E-08
214 -0.9 3 -2 -1.6624E-08
215 -1 3 -2 -1.6091E-08
216 -1.1 3 -2 -1.7759E-08
217 -1.2 3 -2 -1.6635E-08
218 -1.3 3 -2 -1.6282E-08
219 -1.4 3 -2 -1.791E-08
220 -1.5 3 -2 -1.6728E-08
221 -1.6 3 -2 -1.7451E-08
222 -1.7 3 -2 -3.2642E-08
223 -1.8 3 -2 -1.4282E-07
224 -1.9 3 -2 -5.7386E-07
225 -2 3 -2 -1.5699E-06
226 -2.1 3 -2 -3.3206E-06
227 -2.2 3 -2 -5.9322E-06
228 -2.3 3 -2 -9.4767E-06
229 -2.4 3 -2 -1.401E-05
230 -2.5 3 -2 -1.9549E-05
231 -2.6 3 -2 -2.611E-05
232 -2.7 3 -2 -3.3704E-05
233 -2.8 3 -2 -4.233E-05
234 -2.9 3 -2 -5.1979E-05
235 -3 3 -2 -6.2661E-05
236 -3.1 3 -2 -7.4346E-05
237 -3.2 3 -2 -8.7033E-05
238 -3.3 3 -2 -0.00010059
239 -3.4 3 -2 -0.00011525
240 -3.5 3 -2 -0.00013079
241 -3.6 3 -2 -0.00014732
242 -3.7 3 -2 -0.00016474
243 -3.8 3 -2 -0.000183
244 -3.9 3 -2 -0.00020208
245 -4 3 -2 -0.00022194
246 -4.1 3 -2 -0.00024254
247 -4.2 3 -2 -0.00026369
248 -4.3 3 -2 -0.00028531
249 -4.4 3 -2 -0.00030733
250 -4.5 3 -2 -0.00032959
251 -4.6 3 -2 -0.00035199
252 -4.7 3 -2 -0.00037445
253 -4.8 3 -2 -0.00039692
254 -4.9 3 -2 -0.00041933
255 -5 3 -2 -0.00044163
256 0 3 -2.5 -1.7953E-08
257 -0.1 3 -2.5 -1.6775E-08
258 -0.2 3 -2.5 -1.6972E-08
259 -0.3 3 -2.5 -1.8842E-08
260 -0.4 3 -2.5 -1.6781E-08
261 -0.5 3 -2.5 -1.7078E-08
262 -0.6 3 -2.5 -1.8961E-08
263 -0.7 3 -2.5 -1.6783E-08
264 -0.8 3 -2.5 -1.7194E-08
265 -0.9 3 -2.5 -1.9005E-08
266 -1 3 -2.5 -1.6782E-08
267 -1.1 3 -2.5 -1.7332E-08
268 -1.2 3 -2.5 -1.8986E-08
269 -1.3 3 -2.5 -1.6801E-08
270 -1.4 3 -2.5 -1.7489E-08
271 -1.5 3 -2.5 -1.8985E-08
272 -1.6 3 -2.5 -1.7818E-08
273 -1.7 3 -2.5 -3.246E-08
274 -1.8 3 -2.5 -1.4435E-07
275 -1.9 3 -2.5 -5.8025E-07
276 -2 3 -2.5 -1.5855E-06
277 -2.1 3 -2.5 -3.3463E-06
278 -2.2 3 -2.5 -5.969E-06
279 -2.3 3 -2.5 -9.5286E-06
280 -2.4 3 -2.5 -1.408E-05
281 -2.5 3 -2.5 -1.964E-05
282 -2.6 3 -2.5 -2.6233E-05
283 -2.7 3 -2.5 -3.3857E-05
284 -2.8 3 -2.5 -4.2514E-05
285 -2.9 3 -2.5 -5.221E-05
286 -3 3 -2.5 -6.2927E-05
287 -3.1 3 -2.5 -7.467E-05
288 -3.2 3 -2.5 -8.7418E-05
289 -3.3 3 -2.5 -0.000101039
290 -3.4 3 -2.5 -0.00011578
291 -3.5 3 -2.5 -0.00013144
292 -3.6 3 -2.5 -0.00014808
293 -3.7 3 -2.5 -0.00016561
294 -3.8 3 -2.5 -0.00018411
295 -3.9 3 -2.5 -0.00020345
296 -4 3 -2.5 -0.00022374
297 -4.1 3 -2.5 -0.00024483
298 -4.2 3 -2.5 -0.00026677
299 -4.3 3 -2.5 -0.00028952
300 -4.4 3 -2.5 -0.00031305
301 -4.5 3 -2.5 -0.00033723
302 -4.6 3 -2.5 -0.00036207
303 -4.7 3 -2.5 -0.00038748
304 -4.8 3 -2.5 -0.00041343
305 -4.9 3 -2.5 -0.00043979
306 -5 3 -2.5 -0.00046641
307 0 3 -3 -1.7151E-08
308 -0.1 3 -3 -1.7336E-08
309 -0.2 3 -3 -1.922E-08
310 -0.3 3 -3 -1.7079E-08
311 -0.4 3 -3 -1.7438E-08
312 -0.5 3 -3 -1.9293E-08
313 -0.6 3 -3 -1.7081E-08
314 -0.7 3 -3 -1.7559E-08
315 -0.8 3 -3 -1.9289E-08
316 -0.9 3 -3 -1.7085E-08
317 -1 3 -3 -1.7702E-08
318 -1.1 3 -3 -1.9248E-08
319 -1.2 3 -3 -1.7093E-08
320 -1.3 3 -3 -1.786E-08
321 -1.4 3 -3 -1.9157E-08
322 -1.5 3 -3 -1.7177E-08
323 -1.6 3 -3 -1.9028E-08
324 -1.7 3 -3 -3.4176E-08
325 -1.8 3 -3 -1.4846E-07
326 -1.9 3 -3 -5.8479E-07
327 -2 3 -3 -1.5994E-06
328 -2.1 3 -3 -3.3671E-06
329 -2.2 3 -3 -6.0013E-06
330 -2.3 3 -3 -9.5822E-06
331 -2.4 3 -3 -1.4151E-05
332 -2.5 3 -3 -1.9729E-05
333 -2.6 3 -3 -2.6344E-05
334 -2.7 3 -3 -3.3997E-05
335 -2.8 3 -3 -4.2689E-05
336 -2.9 3 -3 -5.2408E-05
337 -3 3 -3 -6.3173E-05
338 -3.1 3 -3 -7.4953E-05
339 -3.2 3 -3 -8.7745E-05
340 -3.3 3 -3 -0.000101424
341 -3.4 3 -3 -0.00011617
342 -3.5 3 -3 -0.00013194
343 -3.6 3 -3 -0.00014863
344 -3.7 3 -3 -0.00016627
345 -3.8 3 -3 -0.00018482
346 -3.9 3 -3 -0.00020431
347 -4 3 -3 -0.00022467
348 -4.1 3 -3 -0.00024592
349 -4.2 3 -3 -0.00026806
350 -4.3 3 -3 -0.00029104
351 -4.4 3 -3 -0.00031483
352 -4.5 3 -3 -0.00033937
353 -4.6 3 -3 -0.00036478
354 -4.7 3 -3 -0.00039095
355 -4.8 3 -3 -0.00041784
356 -4.9 3 -3 -0.00044544
357 -5 3 -3 -0.00047365
358 0 3 -3.5 -1.8365E-08
359 -0.1 3 -3.5 -1.7861E-08
360 -0.2 3 -3.5 -1.6343E-08
361 -0.3 3 -3.5 -1.8483E-08
362 -0.4 3 -3.5 -1.7808E-08
363 -0.5 3 -3.5 -1.6417E-08
364 -0.6 3 -3.5 -1.8537E-08
365 -0.7 3 -3.5 -1.7775E-08
366 -0.8 3 -3.5 -1.6538E-08
367 -0.9 3 -3.5 -1.8605E-08
368 -1 3 -3.5 -1.7731E-08
369 -1.1 3 -3.5 -1.6708E-08
370 -1.2 3 -3.5 -1.8667E-08
371 -1.3 3 -3.5 -1.772E-08
372 -1.4 3 -3.5 -1.6883E-08
373 -1.5 3 -3.5 -1.8801E-08
374 -1.6 3 -3.5 -1.8777E-08
375 -1.7 3 -3.5 -3.2349E-08
376 -1.8 3 -3.5 -1.4756E-07
377 -1.9 3 -3.5 -5.9132E-07
378 -2 3 -3.5 -1.6108E-06
379 -2.1 3 -3.5 -3.3891E-06
380 -2.2 3 -3.5 -6.0391E-06
381 -2.3 3 -3.5 -9.6273E-06
382 -2.4 3 -3.5 -1.4214E-05
383 -2.5 3 -3.5 -1.9817E-05
384 -2.6 3 -3.5 -2.645E-05
385 -2.7 3 -3.5 -3.4129E-05
386 -2.8 3 -3.5 -4.2843E-05
387 -2.9 3 -3.5 -5.2595E-05
388 -3 3 -3.5 -6.34E-05
389 -3.1 3 -3.5 -7.5207E-05
390 -3.2 3 -3.5 -8.8048E-05
391 -3.3 3 -3.5 -0.000101758
392 -3.4 3 -3.5 -0.00011659
393 -3.5 3 -3.5 -0.00013238
394 -3.6 3 -3.5 -0.0001491
395 -3.7 3 -3.5 -0.00016679
396 -3.8 3 -3.5 -0.00018545
397 -3.9 3 -3.5 -0.00020498
398 -4 3 -3.5 -0.00022545
399 -4.1 3 -3.5 -0.00024676
400 -4.2 3 -3.5 -0.00026898
401 -4.3 3 -3.5 -0.00029207
402 -4.4 3 -3.5 -0.000316
403 -4.5 3 -3.5 -0.00034074
404 -4.6 3 -3.5 -0.00036624
405 -4.7 3 -3.5 -0.00039258
406 -4.8 3 -3.5 -0.00041973
407 -4.9 3 -3.5 -0.00044763
408 -5 3 -3.5 -0.00047626
409 0 3 -4 -1.7854E-08
410 -0.1 3 -4 -1.8557E-08
411 -0.2 3 -4 -1.9701E-08
412 -0.3 3 -4 -1.7725E-08
413 -0.4 3 -4 -1.8667E-08
414 -0.5 3 -4 -1.9612E-08
415 -0.6 3 -4 -1.7722E-08
416 -0.7 3 -4 -1.8747E-08
417 -0.8 3 -4 -1.9523E-08
418 -0.9 3 -4 -1.7711E-08
419 -1 3 -4 -1.8819E-08
420 -1.1 3 -4 -1.9376E-08
421 -1.2 3 -4 -1.7719E-08
422 -1.3 3 -4 -1.8879E-08
423 -1.4 3 -4 -1.9205E-08
424 -1.5 3 -4 -1.7689E-08
425 -1.6 3 -4 -1.9987E-08
426 -1.7 3 -4 -3.4706E-08
427 -1.8 3 -4 -1.5194E-07
428 -1.9 3 -4 -5.9618E-07
429 -2 3 -4 -1.6247E-06
430 -2.1 3 -4 -3.4073E-06
431 -2.2 3 -4 -6.0683E-06
432 -2.3 3 -4 -9.6704E-06
433 -2.4 3 -4 -1.4274E-05
434 -2.5 3 -4 -1.9893E-05
435 -2.6 3 -4 -2.6551E-05
436 -2.7 3 -4 -3.4243E-05
437 -2.8 3 -4 -4.2992E-05
438 -2.9 3 -4 -5.2777E-05
439 -3 3 -4 -6.3596E-05
440 -3.1 3 -4 -7.5447E-05
441 -3.2 3 -4 -8.8314E-05
442 -3.3 3 -4 -0.000102072
443 -3.4 3 -4 -0.00011695
444 -3.5 3 -4 -0.00013276
445 -3.6 3 -4 -0.00014958
446 -3.7 3 -4 -0.00016735
447 -3.8 3 -4 -0.00018603
448 -3.9 3 -4 -0.0002056
449 -4 3 -4 -0.00022612
450 -4.1 3 -4 -0.00024752
451 -4.2 3 -4 -0.00026982
452 -4.3 3 -4 -0.00029297
453 -4.4 3 -4 -0.00031695
454 -4.5 3 -4 -0.00034179
455 -4.6 3 -4 -0.00036743
456 -4.7 3 -4 -0.00039388
457 -4.8 3 -4 -0.00042114
458 -4.9 3 -4 -0.00044922
459 -5 3 -4 -0.00047797
460 0 3 -4.5 -1.9338E-08
461 -0.1 3 -4.5 -1.7204E-08
462 -0.2 3 -4.5 -1.934E-08
463 -0.3 3 -4.5 -1.864E-08
464 -0.4 3 -4.5 -1.7282E-08
465 -0.5 3 -4.5 -1.9392E-08
466 -0.6 3 -4.5 -1.8593E-08
467 -0.7 3 -4.5 -1.7419E-08
468 -0.8 3 -4.5 -1.944E-08
469 -0.9 3 -4.5 -1.8556E-08
470 -1 3 -4.5 -1.7593E-08
471 -1.1 3 -4.5 -1.9509E-08
472 -1.2 3 -4.5 -1.8544E-08
473 -1.3 3 -4.5 -1.775E-08
474 -1.4 3 -4.5 -1.9576E-08
475 -1.5 3 -4.5 -1.8618E-08
476 -1.6 3 -4.5 -1.8978E-08
477 -1.7 3 -4.5 -3.5578E-08
478 -1.8 3 -4.5 -1.5454E-07
479 -1.9 3 -4.5 -6.0212E-07
480 -2 3 -4.5 -1.6355E-06
481 -2.1 3 -4.5 -3.4258E-06
482 -2.2 3 -4.5 -6.0975E-06
483 -2.3 3 -4.5 -9.7148E-06
484 -2.4 3 -4.5 -1.4329E-05
485 -2.5 3 -4.5 -1.9959E-05
486 -2.6 3 -4.5 -2.6645E-05
487 -2.7 3 -4.5 -3.4355E-05
488 -2.8 3 -4.5 -4.3137E-05
489 -2.9 3 -4.5 -5.2945E-05
490 -3 3 -4.5 -6.3805E-05
491 -3.1 3 -4.5 -7.5673E-05
492 -3.2 3 -4.5 -8.8579E-05
493 -3.3 3 -4.5 -0.000102377
494 -3.4 3 -4.5 -0.00011727
495 -3.5 3 -4.5 -0.00013317
496 -3.6 3 -4.5 -0.00015
497 -3.7 3 -4.5 -0.00016777
498 -3.8 3 -4.5 -0.00018652
499 -3.9 3 -4.5 -0.00020617
500 -4 3 -4.5 -0.00022673
501 -4.1 3 -4.5 -0.0002482
502 -4.2 3 -4.5 -0.00027054
503 -4.3 3 -4.5 -0.00029374
504 -4.4 3 -4.5 -0.00031783
505 -4.5 3 -4.5 -0.00034273
506 -4.6 3 -4.5 -0.00036847
507 -4.7 3 -4.5 -0.00039501
508 -4.8 3 -4.5 -0.00042233
509 -4.9 3 -4.5 -0.00045046
510 -5 3 -4.5 -0.00047929
511 0 3 -5 -1.9136E-08
512 -0.1 3 -5 -1.8393E-08
513 -0.2 3 -5 -2.0017E-08
514 -0.3 3 -5 -1.8892E-08
515 -0.4 3 -5 -1.8575E-08
516 -0.5 3 -5 -2.0164E-08
517 -0.6 3 -5 -1.8895E-08
518 -0.7 3 -5 -1.8725E-08
519 -0.8 3 -5 -2.0354E-08
520 -0.9 3 -5 -1.8925E-08
521 -1 3 -5 -1.8859E-08
522 -1.1 3 -5 -2.0579E-08
523 -1.2 3 -5 -1.8948E-08
524 -1.3 3 -5 -1.8984E-08
525 -1.4 3 -5 -2.0814E-08
526 -1.5 3 -5 -1.9039E-08
527 -1.6 3 -5 -2.024E-08
528 -1.7 3 -5 -3.7127E-08
529 -1.8 3 -5 -1.5686E-07
530 -1.9 3 -5 -6.0727E-07
531 -2 3 -5 -1.6445E-06
532 -2.1 3 -5 -3.4462E-06
533 -2.2 3 -5 -6.1247E-06
534 -2.3 3 -5 -9.7522E-06
535 -2.4 3 -5 -1.438E-05
536 -2.5 3 -5 -2.0037E-05
537 -2.6 3 -5 -2.6728E-05
538 -2.7 3 -5 -3.4469E-05
539 -2.8 3 -5 -4.3265E-05
540 -2.9 3 -5 -5.3098E-05
541 -3 3 -5 -6.3977E-05
542 -3.1 3 -5 -7.5893E-05
543 -3.2 3 -5 -8.8813E-05
544 -3.3 3 -5 -0.000102654
545 -3.4 3 -5 -0.00011759
546 -3.5 3 -5 -0.0001335
547 -3.6 3 -5 -0.00015038
548 -3.7 3 -5 -0.00016822
549 -3.8 3 -5 -0.00018699
550 -3.9 3 -5 -0.00020671
551 -4 3 -5 -0.00022731
552 -4.1 3 -5 -0.00024884
553 -4.2 3 -5 -0.00027125
554 -4.3 3 -5 -0.00029452
555 -4.4 3 -5 -0.00031862
556 -4.5 3 -5 -0.0003436
557 -4.6 3 -5 -0.00036938
558 -4.7 3 -5 -0.00039599
559 -4.8 3 -5 -0.00042339
560 -4.9 3 -5 -0.00045163
561 -5 3 -5 -0.00048056
