
VD= 0 to -5 in -0.1 step
VB= 0 to -2 in -0.5 step
NO. VG VB VD ID
 V V V A
1 -2.5 0 0 3.9324E-07
2 -2.5 0 -0.1 -9.0431E-05
3 -2.5 0 -0.2 -0.0001738
4 -2.5 0 -0.3 -0.00024984
5 -2.5 0 -0.4 -0.00031846
6 -2.5 0 -0.5 -0.00037996
7 -2.5 0 -0.6 -0.00043425
8 -2.5 0 -0.7 -0.00048156
9 -2.5 0 -0.8 -0.00052221
10 -2.5 0 -0.9 -0.00055642
11 -2.5 0 -1 -0.00058445
12 -2.5 0 -1.1 -0.0006069
13 -2.5 0 -1.2 -0.00062454
14 -2.5 0 -1.3 -0.000638
15 -2.5 0 -1.4 -0.00064824
16 -2.5 0 -1.5 -0.00065602
17 -2.5 0 -1.6 -0.00066209
18 -2.5 0 -1.7 -0.00066681
19 -2.5 0 -1.8 -0.00067068
20 -2.5 0 -1.9 -0.00067403
21 -2.5 0 -2 -0.00067708
22 -2.5 0 -2.1 -0.00067959
23 -2.5 0 -2.2 -0.00068202
24 -2.5 0 -2.3 -0.00068423
25 -2.5 0 -2.4 -0.00068639
26 -2.5 0 -2.5 -0.00068823
27 -2.5 0 -2.6 -0.00069009
28 -2.5 0 -2.7 -0.00069195
29 -2.5 0 -2.8 -0.00069348
30 -2.5 0 -2.9 -0.00069529
31 -2.5 0 -3 -0.00069676
32 -2.5 0 -3.1 -0.0006983
33 -2.5 0 -3.2 -0.00069986
34 -2.5 0 -3.3 -0.00070128
35 -2.5 0 -3.4 -0.00070266
36 -2.5 0 -3.5 -0.00070403
37 -2.5 0 -3.6 -0.00070537
38 -2.5 0 -3.7 -0.00070674
39 -2.5 0 -3.8 -0.00070792
40 -2.5 0 -3.9 -0.00070915
41 -2.5 0 -4 -0.0007103
42 -2.5 0 -4.1 -0.00071155
43 -2.5 0 -4.2 -0.00071269
44 -2.5 0 -4.3 -0.00071382
45 -2.5 0 -4.4 -0.00071498
46 -2.5 0 -4.5 -0.00071606
47 -2.5 0 -4.6 -0.00071711
48 -2.5 0 -4.7 -0.0007182
49 -2.5 0 -4.8 -0.00071929
50 -2.5 0 -4.9 -0.00072027
51 -2.5 0 -5 -0.00072137
52 -2.5 -0.5 0 4.6967E-07
53 -2.5 -0.5 -0.1 -0.00010997
54 -2.5 -0.5 -0.2 -0.00021119
55 -2.5 -0.5 -0.3 -0.00030352
56 -2.5 -0.5 -0.4 -0.00038746
57 -2.5 -0.5 -0.5 -0.00046316
58 -2.5 -0.5 -0.6 -0.00053089
59 -2.5 -0.5 -0.7 -0.00059084
60 -2.5 -0.5 -0.8 -0.00064332
61 -2.5 -0.5 -0.9 -0.0006886
62 -2.5 -0.5 -1 -0.00072694
63 -2.5 -0.5 -1.1 -0.00075862
64 -2.5 -0.5 -1.2 -0.0007846
65 -2.5 -0.5 -1.3 -0.00080532
66 -2.5 -0.5 -1.4 -0.00082148
67 -2.5 -0.5 -1.5 -0.00083392
68 -2.5 -0.5 -1.6 -0.00084361
69 -2.5 -0.5 -1.7 -0.0008513
70 -2.5 -0.5 -1.8 -0.00085734
71 -2.5 -0.5 -1.9 -0.00086263
72 -2.5 -0.5 -2 -0.0008667
73 -2.5 -0.5 -2.1 -0.0008706
74 -2.5 -0.5 -2.2 -0.00087415
75 -2.5 -0.5 -2.3 -0.00087737
76 -2.5 -0.5 -2.4 -0.00088023
77 -2.5 -0.5 -2.5 -0.00088273
78 -2.5 -0.5 -2.6 -0.00088524
79 -2.5 -0.5 -2.7 -0.0008878
80 -2.5 -0.5 -2.8 -0.00088995
81 -2.5 -0.5 -2.9 -0.00089215
82 -2.5 -0.5 -3 -0.00089427
83 -2.5 -0.5 -3.1 -0.00089609
84 -2.5 -0.5 -3.2 -0.00089812
85 -2.5 -0.5 -3.3 -0.00090015
86 -2.5 -0.5 -3.4 -0.00090192
87 -2.5 -0.5 -3.5 -0.00090354
88 -2.5 -0.5 -3.6 -0.00090535
89 -2.5 -0.5 -3.7 -0.00090682
90 -2.5 -0.5 -3.8 -0.0009087
91 -2.5 -0.5 -3.9 -0.00091019
92 -2.5 -0.5 -4 -0.00091166
93 -2.5 -0.5 -4.1 -0.00091333
94 -2.5 -0.5 -4.2 -0.00091471
95 -2.5 -0.5 -4.3 -0.00091615
96 -2.5 -0.5 -4.4 -0.00091754
97 -2.5 -0.5 -4.5 -0.0009189
98 -2.5 -0.5 -4.6 -0.00092036
99 -2.5 -0.5 -4.7 -0.00092178
100 -2.5 -0.5 -4.8 -0.00092293
101 -2.5 -0.5 -4.9 -0.00092435
102 -2.5 -0.5 -5 -0.00092566
103 -2.5 -1 0 4.6421E-05
104 -2.5 -1 -0.1 -0.00012804
105 -2.5 -1 -0.2 -0.00024326
106 -2.5 -1 -0.3 -0.00034515
107 -2.5 -1 -0.4 -0.00043737
108 -2.5 -1 -0.5 -0.00052058
109 -2.5 -1 -0.6 -0.00059517
110 -2.5 -1 -0.7 -0.00066165
111 -2.5 -1 -0.8 -0.00072015
112 -2.5 -1 -0.9 -0.0007709
113 -2.5 -1 -1 -0.00081443
114 -2.5 -1 -1.1 -0.00085072
115 -2.5 -1 -1.2 -0.00088094
116 -2.5 -1 -1.3 -0.00090535
117 -2.5 -1 -1.4 -0.00092477
118 -2.5 -1 -1.5 -0.00094035
119 -2.5 -1 -1.6 -0.00095222
120 -2.5 -1 -1.7 -0.00096147
121 -2.5 -1 -1.8 -0.00096924
122 -2.5 -1 -1.9 -0.00097547
123 -2.5 -1 -2 -0.00098071
124 -2.5 -1 -2.1 -0.00098539
125 -2.5 -1 -2.2 -0.00098948
126 -2.5 -1 -2.3 -0.00099302
127 -2.5 -1 -2.4 -0.00099651
128 -2.5 -1 -2.5 -0.00099956
129 -2.5 -1 -2.6 -0.00100256
130 -2.5 -1 -2.7 -0.00100545
131 -2.5 -1 -2.8 -0.00100795
132 -2.5 -1 -2.9 -0.00101058
133 -2.5 -1 -3 -0.0010131
134 -2.5 -1 -3.1 -0.00101543
135 -2.5 -1 -3.2 -0.00101762
136 -2.5 -1 -3.3 -0.00101968
137 -2.5 -1 -3.4 -0.00102185
138 -2.5 -1 -3.5 -0.00102373
139 -2.5 -1 -3.6 -0.0010259
140 -2.5 -1 -3.7 -0.00102763
141 -2.5 -1 -3.8 -0.0010296
142 -2.5 -1 -3.9 -0.00103136
143 -2.5 -1 -4 -0.00103304
144 -2.5 -1 -4.1 -0.00103489
145 -2.5 -1 -4.2 -0.00103656
146 -2.5 -1 -4.3 -0.00103822
147 -2.5 -1 -4.4 -0.0010399
148 -2.5 -1 -4.5 -0.00104134
149 -2.5 -1 -4.6 -0.001043
150 -2.5 -1 -4.7 -0.00104433
151 -2.5 -1 -4.8 -0.00104589
152 -2.5 -1 -4.9 -0.00104745
153 -2.5 -1 -5 -0.00104883
154 -2.5 -1.5 0 4.6473E-05
155 -2.5 -1.5 -0.1 -0.00012802
156 -2.5 -1.5 -0.2 -0.00024326
157 -2.5 -1.5 -0.3 -0.00034515
158 -2.5 -1.5 -0.4 -0.00043739
159 -2.5 -1.5 -0.5 -0.00052063
160 -2.5 -1.5 -0.6 -0.00059524
161 -2.5 -1.5 -0.7 -0.0006616
162 -2.5 -1.5 -0.8 -0.00072013
163 -2.5 -1.5 -0.9 -0.00077093
164 -2.5 -1.5 -1 -0.00081435
165 -2.5 -1.5 -1.1 -0.00085073
166 -2.5 -1.5 -1.2 -0.00088098
167 -2.5 -1.5 -1.3 -0.00090542
168 -2.5 -1.5 -1.4 -0.00092493
169 -2.5 -1.5 -1.5 -0.0009402
170 -2.5 -1.5 -1.6 -0.00095221
171 -2.5 -1.5 -1.7 -0.00096176
172 -2.5 -1.5 -1.8 -0.00096926
173 -2.5 -1.5 -1.9 -0.00097554
174 -2.5 -1.5 -2 -0.00098087
175 -2.5 -1.5 -2.1 -0.00098548
176 -2.5 -1.5 -2.2 -0.00098958
177 -2.5 -1.5 -2.3 -0.00099331
178 -2.5 -1.5 -2.4 -0.00099656
179 -2.5 -1.5 -2.5 -0.00099978
180 -2.5 -1.5 -2.6 -0.00100285
181 -2.5 -1.5 -2.7 -0.0010057
182 -2.5 -1.5 -2.8 -0.00100819
183 -2.5 -1.5 -2.9 -0.00101076
184 -2.5 -1.5 -3 -0.0010132
185 -2.5 -1.5 -3.1 -0.00101545
186 -2.5 -1.5 -3.2 -0.00101773
187 -2.5 -1.5 -3.3 -0.00101985
188 -2.5 -1.5 -3.4 -0.00102193
189 -2.5 -1.5 -3.5 -0.00102398
190 -2.5 -1.5 -3.6 -0.00102595
191 -2.5 -1.5 -3.7 -0.00102777
192 -2.5 -1.5 -3.8 -0.0010297
193 -2.5 -1.5 -3.9 -0.00103157
194 -2.5 -1.5 -4 -0.00103331
195 -2.5 -1.5 -4.1 -0.00103502
196 -2.5 -1.5 -4.2 -0.00103671
197 -2.5 -1.5 -4.3 -0.00103839
198 -2.5 -1.5 -4.4 -0.00103989
199 -2.5 -1.5 -4.5 -0.00104171
200 -2.5 -1.5 -4.6 -0.00104308
201 -2.5 -1.5 -4.7 -0.00104457
202 -2.5 -1.5 -4.8 -0.00104616
203 -2.5 -1.5 -4.9 -0.00104765
204 -2.5 -1.5 -5 -0.00104914
205 -2.5 -2 0 4.6423E-05
206 -2.5 -2 -0.1 -0.00012805
207 -2.5 -2 -0.2 -0.00024327
208 -2.5 -2 -0.3 -0.0003452
209 -2.5 -2 -0.4 -0.00043742
210 -2.5 -2 -0.5 -0.00052067
211 -2.5 -2 -0.6 -0.00059535
212 -2.5 -2 -0.7 -0.00066166
213 -2.5 -2 -0.8 -0.00072015
214 -2.5 -2 -0.9 -0.00077102
215 -2.5 -2 -1 -0.00081446
216 -2.5 -2 -1.1 -0.00085076
217 -2.5 -2 -1.2 -0.00088109
218 -2.5 -2 -1.3 -0.00090561
219 -2.5 -2 -1.4 -0.00092521
220 -2.5 -2 -1.5 -0.00094039
221 -2.5 -2 -1.6 -0.00095234
222 -2.5 -2 -1.7 -0.00096186
223 -2.5 -2 -1.8 -0.00096945
224 -2.5 -2 -1.9 -0.00097574
225 -2.5 -2 -2 -0.00098096
226 -2.5 -2 -2.1 -0.00098562
227 -2.5 -2 -2.2 -0.00098968
228 -2.5 -2 -2.3 -0.00099334
229 -2.5 -2 -2.4 -0.00099678
230 -2.5 -2 -2.5 -0.00099986
231 -2.5 -2 -2.6 -0.00100296
232 -2.5 -2 -2.7 -0.00100583
233 -2.5 -2 -2.8 -0.00100819
234 -2.5 -2 -2.9 -0.00101073
235 -2.5 -2 -3 -0.00101334
236 -2.5 -2 -3.1 -0.00101547
237 -2.5 -2 -3.2 -0.0010179
238 -2.5 -2 -3.3 -0.00102005
239 -2.5 -2 -3.4 -0.00102208
240 -2.5 -2 -3.5 -0.001024
241 -2.5 -2 -3.6 -0.00102612
242 -2.5 -2 -3.7 -0.00102818
243 -2.5 -2 -3.8 -0.00102988
244 -2.5 -2 -3.9 -0.00103155
245 -2.5 -2 -4 -0.00103352
246 -2.5 -2 -4.1 -0.00103514
247 -2.5 -2 -4.2 -0.00103698
248 -2.5 -2 -4.3 -0.00103852
249 -2.5 -2 -4.4 -0.00104001
250 -2.5 -2 -4.5 -0.00104166
251 -2.5 -2 -4.6 -0.00104339
252 -2.5 -2 -4.7 -0.00104481
253 -2.5 -2 -4.8 -0.00104634
254 -2.5 -2 -4.9 -0.00104784
255 -2.5 -2 -5 -0.00104926
