
VD= 0 to -5 in -0.1 step
VB= 0 to 2 in 0.5 step
NO. VG VB VD ID
 V V V A
1 -2.5 0 0 1.8428E-08
2 -2.5 0 -0.1 -3.0178E-06
3 -2.5 0 -0.2 -5.7715E-06
4 -2.5 0 -0.3 -8.2541E-06
5 -2.5 0 -0.4 -1.04691E-05
6 -2.5 0 -0.5 -1.2419E-05
7 -2.5 0 -0.6 -1.4135E-05
8 -2.5 0 -0.7 -1.5602E-05
9 -2.5 0 -0.8 -1.6834E-05
10 -2.5 0 -0.9 -1.7847E-05
11 -2.5 0 -1 -1.8649E-05
12 -2.5 0 -1.1 -1.9254E-05
13 -2.5 0 -1.2 -1.969E-05
14 -2.5 0 -1.3 -1.9968E-05
15 -2.5 0 -1.4 -2.0123E-05
16 -2.5 0 -1.5 -2.0192E-05
17 -2.5 0 -1.6 -2.0214E-05
18 -2.5 0 -1.7 -2.0222E-05
19 -2.5 0 -1.8 -2.0228E-05
20 -2.5 0 -1.9 -2.0232E-05
21 -2.5 0 -2 -2.0232E-05
22 -2.5 0 -2.1 -2.0233E-05
23 -2.5 0 -2.2 -2.0238E-05
24 -2.5 0 -2.3 -2.0236E-05
25 -2.5 0 -2.4 -2.0238E-05
26 -2.5 0 -2.5 -2.0241E-05
27 -2.5 0 -2.6 -2.0238E-05
28 -2.5 0 -2.7 -2.024E-05
29 -2.5 0 -2.8 -2.0244E-05
30 -2.5 0 -2.9 -2.0243E-05
31 -2.5 0 -3 -2.0245E-05
32 -2.5 0 -3.1 -2.0246E-05
33 -2.5 0 -3.2 -2.0246E-05
34 -2.5 0 -3.3 -2.0249E-05
35 -2.5 0 -3.4 -2.0248E-05
36 -2.5 0 -3.5 -2.0251E-05
37 -2.5 0 -3.6 -2.025E-05
38 -2.5 0 -3.7 -2.0253E-05
39 -2.5 0 -3.8 -2.0255E-05
40 -2.5 0 -3.9 -2.0253E-05
41 -2.5 0 -4 -2.0255E-05
42 -2.5 0 -4.1 -2.0255E-05
43 -2.5 0 -4.2 -2.0253E-05
44 -2.5 0 -4.3 -2.0258E-05
45 -2.5 0 -4.4 -2.0257E-05
46 -2.5 0 -4.5 -2.0258E-05
47 -2.5 0 -4.6 -2.0259E-05
48 -2.5 0 -4.7 -2.026E-05
49 -2.5 0 -4.8 -2.026E-05
50 -2.5 0 -4.9 -2.0259E-05
51 -2.5 0 -5 -2.0261E-05
52 -2.5 0.5 0 1.4561E-08
53 -2.5 0.5 -0.1 -2.4833E-06
54 -2.5 0.5 -0.2 -4.7332E-06
55 -2.5 0.5 -0.3 -6.7365E-06
56 -2.5 0.5 -0.4 -8.5012E-06
57 -2.5 0.5 -0.5 -1.00316E-05
58 -2.5 0.5 -0.6 -1.1333E-05
59 -2.5 0.5 -0.7 -1.2431E-05
60 -2.5 0.5 -0.8 -1.3318E-05
61 -2.5 0.5 -0.9 -1.4008E-05
62 -2.5 0.5 -1 -1.4525E-05
63 -2.5 0.5 -1.1 -1.4878E-05
64 -2.5 0.5 -1.2 -1.5101E-05
65 -2.5 0.5 -1.3 -1.5216E-05
66 -2.5 0.5 -1.4 -1.5259E-05
67 -2.5 0.5 -1.5 -1.5275E-05
68 -2.5 0.5 -1.6 -1.5279E-05
69 -2.5 0.5 -1.7 -1.5281E-05
70 -2.5 0.5 -1.8 -1.5286E-05
71 -2.5 0.5 -1.9 -1.5284E-05
72 -2.5 0.5 -2 -1.5287E-05
73 -2.5 0.5 -2.1 -1.529E-05
74 -2.5 0.5 -2.2 -1.529E-05
75 -2.5 0.5 -2.3 -1.5292E-05
76 -2.5 0.5 -2.4 -1.5292E-05
77 -2.5 0.5 -2.5 -1.5292E-05
78 -2.5 0.5 -2.6 -1.5292E-05
79 -2.5 0.5 -2.7 -1.5293E-05
80 -2.5 0.5 -2.8 -1.5294E-05
81 -2.5 0.5 -2.9 -1.5295E-05
82 -2.5 0.5 -3 -1.5295E-05
83 -2.5 0.5 -3.1 -1.5296E-05
84 -2.5 0.5 -3.2 -1.5296E-05
85 -2.5 0.5 -3.3 -1.5295E-05
86 -2.5 0.5 -3.4 -1.5298E-05
87 -2.5 0.5 -3.5 -1.5297E-05
88 -2.5 0.5 -3.6 -1.5299E-05
89 -2.5 0.5 -3.7 -1.5297E-05
90 -2.5 0.5 -3.8 -1.5298E-05
91 -2.5 0.5 -3.9 -1.53E-05
92 -2.5 0.5 -4 -1.5301E-05
93 -2.5 0.5 -4.1 -1.5299E-05
94 -2.5 0.5 -4.2 -1.5302E-05
95 -2.5 0.5 -4.3 -1.5304E-05
96 -2.5 0.5 -4.4 -1.53E-05
97 -2.5 0.5 -4.5 -1.5303E-05
98 -2.5 0.5 -4.6 -1.5304E-05
99 -2.5 0.5 -4.7 -1.5304E-05
100 -2.5 0.5 -4.8 -1.5304E-05
101 -2.5 0.5 -4.9 -1.5303E-05
102 -2.5 0.5 -5 -1.5304E-05
103 -2.5 1 0 1.2387E-08
104 -2.5 1 -0.1 -2.0625E-06
105 -2.5 1 -0.2 -3.9079E-06
106 -2.5 1 -0.3 -5.525E-06
107 -2.5 1 -0.4 -6.9241E-06
108 -2.5 1 -0.5 -8.1091E-06
109 -2.5 1 -0.6 -9.0885E-06
110 -2.5 1 -0.7 -9.8776E-06
111 -2.5 1 -0.8 -1.04853E-05
112 -2.5 1 -0.9 -1.0927E-05
113 -2.5 1 -1 -1.1233E-05
114 -2.5 1 -1.1 -1.1409E-05
115 -2.5 1 -1.2 -1.1498E-05
116 -2.5 1 -1.3 -1.153E-05
117 -2.5 1 -1.4 -1.1537E-05
118 -2.5 1 -1.5 -1.1541E-05
119 -2.5 1 -1.6 -1.1545E-05
120 -2.5 1 -1.7 -1.1543E-05
121 -2.5 1 -1.8 -1.1546E-05
122 -2.5 1 -1.9 -1.1545E-05
123 -2.5 1 -2 -1.1547E-05
124 -2.5 1 -2.1 -1.1548E-05
125 -2.5 1 -2.2 -1.1548E-05
126 -2.5 1 -2.3 -1.1548E-05
127 -2.5 1 -2.4 -1.1549E-05
128 -2.5 1 -2.5 -1.155E-05
129 -2.5 1 -2.6 -1.155E-05
130 -2.5 1 -2.7 -1.1551E-05
131 -2.5 1 -2.8 -1.1552E-05
132 -2.5 1 -2.9 -1.1554E-05
133 -2.5 1 -3 -1.1552E-05
134 -2.5 1 -3.1 -1.1552E-05
135 -2.5 1 -3.2 -1.1554E-05
136 -2.5 1 -3.3 -1.1554E-05
137 -2.5 1 -3.4 -1.1554E-05
138 -2.5 1 -3.5 -1.1554E-05
139 -2.5 1 -3.6 -1.1554E-05
140 -2.5 1 -3.7 -1.1554E-05
141 -2.5 1 -3.8 -1.1557E-05
142 -2.5 1 -3.9 -1.1557E-05
143 -2.5 1 -4 -1.1556E-05
144 -2.5 1 -4.1 -1.1557E-05
145 -2.5 1 -4.2 -1.1555E-05
146 -2.5 1 -4.3 -1.1557E-05
147 -2.5 1 -4.4 -1.1558E-05
148 -2.5 1 -4.5 -1.1558E-05
149 -2.5 1 -4.6 -1.156E-05
150 -2.5 1 -4.7 -1.156E-05
151 -2.5 1 -4.8 -1.156E-05
152 -2.5 1 -4.9 -1.1561E-05
153 -2.5 1 -5 -1.1559E-05
154 -2.5 1.5 0 1.0484E-08
155 -2.5 1.5 -0.1 -1.7107E-06
156 -2.5 1.5 -0.2 -3.2171E-06
157 -2.5 1.5 -0.3 -4.5109E-06
158 -2.5 1.5 -0.4 -5.602E-06
159 -2.5 1.5 -0.5 -6.4984E-06
160 -2.5 1.5 -0.6 -7.2106E-06
161 -2.5 1.5 -0.7 -7.7548E-06
162 -2.5 1.5 -0.8 -8.1435E-06
163 -2.5 1.5 -0.9 -8.4023E-06
164 -2.5 1.5 -1 -8.5515E-06
165 -2.5 1.5 -1.1 -8.6186E-06
166 -2.5 1.5 -1.2 -8.6437E-06
167 -2.5 1.5 -1.3 -8.6496E-06
168 -2.5 1.5 -1.4 -8.6516E-06
169 -2.5 1.5 -1.5 -8.6529E-06
170 -2.5 1.5 -1.6 -8.6531E-06
171 -2.5 1.5 -1.7 -8.6547E-06
172 -2.5 1.5 -1.8 -8.6557E-06
173 -2.5 1.5 -1.9 -8.6547E-06
174 -2.5 1.5 -2 -8.6559E-06
175 -2.5 1.5 -2.1 -8.6564E-06
176 -2.5 1.5 -2.2 -8.656E-06
177 -2.5 1.5 -2.3 -8.6576E-06
178 -2.5 1.5 -2.4 -8.6577E-06
179 -2.5 1.5 -2.5 -8.6567E-06
180 -2.5 1.5 -2.6 -8.6585E-06
181 -2.5 1.5 -2.7 -8.6579E-06
182 -2.5 1.5 -2.8 -8.6596E-06
183 -2.5 1.5 -2.9 -8.6601E-06
184 -2.5 1.5 -3 -8.6588E-06
185 -2.5 1.5 -3.1 -8.6595E-06
186 -2.5 1.5 -3.2 -8.6607E-06
187 -2.5 1.5 -3.3 -8.6597E-06
188 -2.5 1.5 -3.4 -8.6617E-06
189 -2.5 1.5 -3.5 -8.6606E-06
190 -2.5 1.5 -3.6 -8.6617E-06
191 -2.5 1.5 -3.7 -8.6624E-06
192 -2.5 1.5 -3.8 -8.661E-06
193 -2.5 1.5 -3.9 -8.6626E-06
194 -2.5 1.5 -4 -8.6632E-06
195 -2.5 1.5 -4.1 -8.6623E-06
196 -2.5 1.5 -4.2 -8.6633E-06
197 -2.5 1.5 -4.3 -8.6624E-06
198 -2.5 1.5 -4.4 -8.6633E-06
199 -2.5 1.5 -4.5 -8.6641E-06
200 -2.5 1.5 -4.6 -8.6634E-06
201 -2.5 1.5 -4.7 -8.665E-06
202 -2.5 1.5 -4.8 -8.6652E-06
203 -2.5 1.5 -4.9 -8.6637E-06
204 -2.5 1.5 -5 -8.6656E-06
205 -2.5 2 0 7.1948E-09
206 -2.5 2 -0.1 -1.4083E-06
207 -2.5 2 -0.2 -2.622E-06
208 -2.5 2 -0.3 -3.6404E-06
209 -2.5 2 -0.4 -4.4708E-06
210 -2.5 2 -0.5 -5.1241E-06
211 -2.5 2 -0.6 -5.6179E-06
212 -2.5 2 -0.7 -5.9656E-06
213 -2.5 2 -0.8 -6.1916E-06
214 -2.5 2 -0.9 -6.3193E-06
215 -2.5 2 -1 -6.3746E-06
216 -2.5 2 -1.1 -6.3929E-06
217 -2.5 2 -1.2 -6.3976E-06
218 -2.5 2 -1.3 -6.3973E-06
219 -2.5 2 -1.4 -6.3995E-06
220 -2.5 2 -1.5 -6.3993E-06
221 -2.5 2 -1.6 -6.3991E-06
222 -2.5 2 -1.7 -6.4011E-06
223 -2.5 2 -1.8 -6.4003E-06
224 -2.5 2 -1.9 -6.4007E-06
225 -2.5 2 -2 -6.4028E-06
226 -2.5 2 -2.1 -6.401E-06
227 -2.5 2 -2.2 -6.4017E-06
228 -2.5 2 -2.3 -6.4024E-06
229 -2.5 2 -2.4 -6.4024E-06
230 -2.5 2 -2.5 -6.4032E-06
231 -2.5 2 -2.6 -6.4024E-06
232 -2.5 2 -2.7 -6.4029E-06
233 -2.5 2 -2.8 -6.4039E-06
234 -2.5 2 -2.9 -6.4036E-06
235 -2.5 2 -3 -6.4042E-06
236 -2.5 2 -3.1 -6.4045E-06
237 -2.5 2 -3.2 -6.4037E-06
238 -2.5 2 -3.3 -6.4043E-06
239 -2.5 2 -3.4 -6.4041E-06
240 -2.5 2 -3.5 -6.4044E-06
241 -2.5 2 -3.6 -6.4053E-06
242 -2.5 2 -3.7 -6.4044E-06
243 -2.5 2 -3.8 -6.4055E-06
244 -2.5 2 -3.9 -6.4061E-06
245 -2.5 2 -4 -6.4052E-06
246 -2.5 2 -4.1 -6.4066E-06
247 -2.5 2 -4.2 -6.4057E-06
248 -2.5 2 -4.3 -6.4056E-06
249 -2.5 2 -4.4 -6.4064E-06
250 -2.5 2 -4.5 -6.4064E-06
251 -2.5 2 -4.6 -6.4067E-06
252 -2.5 2 -4.7 -6.4075E-06
253 -2.5 2 -4.8 -6.4064E-06
254 -2.5 2 -4.9 -6.4081E-06
255 -2.5 2 -5 -6.4079E-06
