
VD= 0 to 5 in 0.1 step
VG= 0 to 5 in 0.5 step
NO. VG VB VD ID
 V V V A
1 0 0 0 3.624E-11
2 0 0 0.1 3.785E-11
3 0 0 0.2 3.777E-11
4 0 0 0.3 3.899E-11
5 0 0 0.4 3.803E-11
6 0 0 0.5 3.937E-11
7 0 0 0.6 3.876E-11
8 0 0 0.7 3.996E-11
9 0 0 0.8 3.958E-11
10 0 0 0.9 4.035E-11
11 0 0 1 3.964E-11
12 0 0 1.1 4.075E-11
13 0 0 1.2 4.016E-11
14 0 0 1.3 4.128E-11
15 0 0 1.4 4.084E-11
16 0 0 1.5 4.117E-11
17 0 0 1.6 4.067E-11
18 0 0 1.7 4.118E-11
19 0 0 1.8 4.095E-11
20 0 0 1.9 4.17E-11
21 0 0 2 4.13E-11
22 0 0 2.1 4.218E-11
23 0 0 2.2 4.148E-11
24 0 0 2.3 4.231E-11
25 0 0 2.4 4.203E-11
26 0 0 2.5 4.279E-11
27 0 0 2.6 4.199E-11
28 0 0 2.7 4.276E-11
29 0 0 2.8 4.253E-11
30 0 0 2.9 4.332E-11
31 0 0 3 4.263E-11
32 0 0 3.1 4.331E-11
33 0 0 3.2 4.305E-11
34 0 0 3.3 4.333E-11
35 0 0 3.4 4.391E-11
36 0 0 3.5 4.356E-11
37 0 0 3.6 4.421E-11
38 0 0 3.7 4.386E-11
39 0 0 3.8 4.454E-11
40 0 0 3.9 4.42E-11
41 0 0 4 4.502E-11
42 0 0 4.1 4.424E-11
43 0 0 4.2 4.525E-11
44 0 0 4.3 4.485E-11
45 0 0 4.4 4.54E-11
46 0 0 4.5 4.527E-11
47 0 0 4.6 4.594E-11
48 0 0 4.7 4.662E-11
49 0 0 4.8 4.574E-11
50 0 0 4.9 4.652E-11
51 0 0 5 4.671E-11
52 0.5 0 0 -4.519E-09
53 0.5 0 0.1 7.4183E-08
54 0.5 0 0.2 7.8157E-08
55 0.5 0 0.3 8.1423E-08
56 0.5 0 0.4 8.2766E-08
57 0.5 0 0.5 8.3971E-08
58 0.5 0 0.6 8.6285E-08
59 0.5 0 0.7 8.6635E-08
60 0.5 0 0.8 8.892E-08
61 0.5 0 0.9 8.9719E-08
62 0.5 0 1 9.0942E-08
63 0.5 0 1.1 9.2612E-08
64 0.5 0 1.2 9.2612E-08
65 0.5 0 1.3 9.4642E-08
66 0.5 0 1.4 9.5236E-08
67 0.5 0 1.5 9.63E-08
68 0.5 0 1.6 9.6915E-08
69 0.5 0 1.7 9.7819E-08
70 0.5 0 1.8 9.834E-08
71 0.5 0 1.9 9.9793E-08
72 0.5 0 2 1.0044E-07
73 0.5 0 2.1 1.0194E-07
74 0.5 0 2.2 1.0303E-07
75 0.5 0 2.3 1.0291E-07
76 0.5 0 2.4 1.0473E-07
77 0.5 0 2.5 1.0518E-07
78 0.5 0 2.6 1.0536E-07
79 0.5 0 2.7 1.0658E-07
80 0.5 0 2.8 1.0788E-07
81 0.5 0 2.9 1.0731E-07
82 0.5 0 3 1.0882E-07
83 0.5 0 3.1 1.1018E-07
84 0.5 0 3.2 1.1029E-07
85 0.5 0 3.3 1.1097E-07
86 0.5 0 3.4 1.1244E-07
87 0.5 0 3.5 1.1266E-07
88 0.5 0 3.6 1.136E-07
89 0.5 0 3.7 1.1483E-07
90 0.5 0 3.8 1.1498E-07
91 0.5 0 3.9 1.1547E-07
92 0.5 0 4 1.1758E-07
93 0.5 0 4.1 1.1704E-07
94 0.5 0 4.2 1.1787E-07
95 0.5 0 4.3 1.1959E-07
96 0.5 0 4.4 1.1999E-07
97 0.5 0 4.5 1.2057E-07
98 0.5 0 4.6 1.2263E-07
99 0.5 0 4.7 1.2269E-07
100 0.5 0 4.8 1.2274E-07
101 0.5 0 4.9 1.2503E-07
102 0.5 0 5 1.2507E-07
103 1 0 0 2.6501E-07
104 1 0 0.1 3.9089E-05
105 1 0 0.2 6.153E-05
106 1 0 0.3 7.1886E-05
107 1 0 0.4 7.5992E-05
108 1 0 0.5 7.808E-05
109 1 0 0.6 7.9617E-05
110 1 0 0.7 8.0842E-05
111 1 0 0.8 8.1948E-05
112 1 0 0.9 8.2981E-05
113 1 0 1 8.3852E-05
114 1 0 1.1 8.4743E-05
115 1 0 1.2 8.5521E-05
116 1 0 1.3 8.633E-05
117 1 0 1.4 8.7019E-05
118 1 0 1.5 8.7741E-05
119 1 0 1.6 8.8366E-05
120 1 0 1.7 8.9006E-05
121 1 0 1.8 8.9702E-05
122 1 0 1.9 9.0261E-05
123 1 0 2 9.0861E-05
124 1 0 2.1 9.14E-05
125 1 0 2.2 9.197E-05
126 1 0 2.3 9.2525E-05
127 1 0 2.4 9.3045E-05
128 1 0 2.5 9.3583E-05
129 1 0 2.6 9.4059E-05
130 1 0 2.7 9.4564E-05
131 1 0 2.8 9.5071E-05
132 1 0 2.9 9.555E-05
133 1 0 3 9.6035E-05
134 1 0 3.1 9.6553E-05
135 1 0 3.2 9.6984E-05
136 1 0 3.3 9.7421E-05
137 1 0 3.4 9.7897E-05
138 1 0 3.5 9.8356E-05
139 1 0 3.6 9.8751E-05
140 1 0 3.7 9.9245E-05
141 1 0 3.8 9.9631E-05
142 1 0 3.9 0.000100065
143 1 0 4 0.000100598
144 1 0 4.1 0.000101041
145 1 0 4.2 0.000101517
146 1 0 4.3 0.000101996
147 1 0 4.4 0.000102488
148 1 0 4.5 0.000102908
149 1 0 4.6 0.00010342
150 1 0 4.7 0.000103954
151 1 0 4.8 0.000104567
152 1 0 4.9 0.000105083
153 1 0 5 0.000105697
154 1.5 0 0 4.6881E-07
155 1.5 0 0.1 0.00011168
156 1.5 0 0.2 0.00020568
157 1.5 0 0.3 0.00028224
158 1.5 0 0.4 0.00034161
159 1.5 0 0.5 0.00038503
160 1.5 0 0.6 0.00041458
161 1.5 0 0.7 0.00043336
162 1.5 0 0.8 0.00044532
163 1.5 0 0.9 0.00045356
164 1.5 0 1 0.00046012
165 1.5 0 1.1 0.00046567
166 1.5 0 1.2 0.00047069
167 1.5 0 1.3 0.00047509
168 1.5 0 1.4 0.00047916
169 1.5 0 1.5 0.00048285
170 1.5 0 1.6 0.00048668
171 1.5 0 1.7 0.0004899
172 1.5 0 1.8 0.00049322
173 1.5 0 1.9 0.00049629
174 1.5 0 2 0.00049932
175 1.5 0 2.1 0.00050215
176 1.5 0 2.2 0.00050505
177 1.5 0 2.3 0.00050776
178 1.5 0 2.4 0.0005103
179 1.5 0 2.5 0.00051287
180 1.5 0 2.6 0.00051537
181 1.5 0 2.7 0.00051776
182 1.5 0 2.8 0.00052018
183 1.5 0 2.9 0.00052243
184 1.5 0 3 0.00052459
185 1.5 0 3.1 0.00052691
186 1.5 0 3.2 0.00052899
187 1.5 0 3.3 0.00053108
188 1.5 0 3.4 0.00053332
189 1.5 0 3.5 0.00053536
190 1.5 0 3.6 0.00053754
191 1.5 0 3.7 0.00053954
192 1.5 0 3.8 0.00054158
193 1.5 0 3.9 0.00054384
194 1.5 0 4 0.0005456
195 1.5 0 4.1 0.00054775
196 1.5 0 4.2 0.0005499
197 1.5 0 4.3 0.000552
198 1.5 0 4.4 0.00055406
199 1.5 0 4.5 0.00055619
200 1.5 0 4.6 0.00055848
201 1.5 0 4.7 0.00056079
202 1.5 0 4.8 0.00056305
203 1.5 0 4.9 0.00056546
204 1.5 0 5 0.0005682
205 2 0 0 1.072E-06
206 2 0 0.1 0.00017571
207 2 0 0.2 0.00033583
208 2 0 0.3 0.00048002
209 2 0 0.4 0.00060788
210 2 0 0.5 0.00071924
211 2 0 0.6 0.00081408
212 2 0 0.7 0.00089277
213 2 0 0.8 0.00095613
214 2 0 0.9 0.00100458
215 2 0 1 0.00104088
216 2 0 1.1 0.00106729
217 2 0 1.2 0.00108652
218 2 0 1.3 0.00110122
219 2 0 1.4 0.0011135
220 2 0 1.5 0.00112396
221 2 0 1.6 0.00113324
222 2 0 1.7 0.0011419
223 2 0 1.8 0.0011499
224 2 0 1.9 0.0011575
225 2 0 2 0.0011643
226 2 0 2.1 0.0011713
227 2 0 2.2 0.0011774
228 2 0 2.3 0.0011835
229 2 0 2.4 0.0011896
230 2 0 2.5 0.001195
231 2 0 2.6 0.0012005
232 2 0 2.7 0.0012059
233 2 0 2.8 0.0012108
234 2 0 2.9 0.0012157
235 2 0 3 0.0012207
236 2 0 3.1 0.0012252
237 2 0 3.2 0.00123
238 2 0 3.3 0.0012345
239 2 0 3.4 0.001239
240 2 0 3.5 0.0012433
241 2 0 3.6 0.0012477
242 2 0 3.7 0.0012516
243 2 0 3.8 0.0012557
244 2 0 3.9 0.0012601
245 2 0 4 0.001264
246 2 0 4.1 0.0012682
247 2 0 4.2 0.0012723
248 2 0 4.3 0.0012763
249 2 0 4.4 0.0012805
250 2 0 4.5 0.0012844
251 2 0 4.6 0.0012889
252 2 0 4.7 0.0012933
253 2 0 4.8 0.0012976
254 2 0 4.9 0.0013022
255 2 0 5 0.0013073
256 2.5 0 0 1.3971E-06
257 2.5 0 0.1 0.00023108
258 2.5 0 0.2 0.00044844
259 2.5 0 0.3 0.00065154
260 2.5 0 0.4 0.00083993
261 2.5 0 0.5 0.00101313
262 2.5 0 0.6 0.0011707
263 2.5 0 0.7 0.0013129
264 2.5 0 0.8 0.0014392
265 2.5 0 0.9 0.0015489
266 2.5 0 1 0.0016436
267 2.5 0 1.1 0.0017232
268 2.5 0 1.2 0.0017885
269 2.5 0 1.3 0.0018405
270 2.5 0 1.4 0.0018813
271 2.5 0 1.5 0.0019129
272 2.5 0 1.6 0.0019375
273 2.5 0 1.7 0.0019575
274 2.5 0 1.8 0.0019741
275 2.5 0 1.9 0.0019898
276 2.5 0 2 0.002003
277 2.5 0 2.1 0.0020153
278 2.5 0 2.2 0.0020272
279 2.5 0 2.3 0.0020378
280 2.5 0 2.4 0.0020479
281 2.5 0 2.5 0.0020575
282 2.5 0 2.6 0.002067
283 2.5 0 2.7 0.0020759
284 2.5 0 2.8 0.002084
285 2.5 0 2.9 0.0020925
286 2.5 0 3 0.0021005
287 2.5 0 3.1 0.0021085
288 2.5 0 3.2 0.002116
289 2.5 0 3.3 0.0021231
290 2.5 0 3.4 0.0021303
291 2.5 0 3.5 0.0021371
292 2.5 0 3.6 0.002144
293 2.5 0 3.7 0.0021504
294 2.5 0 3.8 0.0021571
295 2.5 0 3.9 0.0021634
296 2.5 0 4 0.0021698
297 2.5 0 4.1 0.002176
298 2.5 0 4.2 0.0021822
299 2.5 0 4.3 0.0021883
300 2.5 0 4.4 0.0021943
301 2.5 0 4.5 0.0022002
302 2.5 0 4.6 0.0022064
303 2.5 0 4.7 0.002213
304 2.5 0 4.8 0.002219
305 2.5 0 4.9 0.0022256
306 2.5 0 5 0.0022319
307 3 0 0 1.682E-06
308 3 0 0.1 0.00027963
309 3 0 0.2 0.000547
310 3 0 0.3 0.00080148
311 3 0 0.4 0.00104278
312 3 0 0.5 0.0012699
313 3 0 0.6 0.0014832
314 3 0 0.7 0.0016816
315 3 0 0.8 0.0018656
316 3 0 0.9 0.002033
317 3 0 1 0.0021863
318 3 0 1.1 0.0023241
319 3 0 1.2 0.0024469
320 3 0 1.3 0.0025541
321 3 0 1.4 0.0026467
322 3 0 1.5 0.0027248
323 3 0 1.6 0.0027894
324 3 0 1.7 0.0028425
325 3 0 1.8 0.002885
326 3 0 1.9 0.0029195
327 3 0 2 0.0029476
328 3 0 2.1 0.0029715
329 3 0 2.2 0.0029922
330 3 0 2.3 0.0030107
331 3 0 2.4 0.0030271
332 3 0 2.5 0.0030426
333 3 0 2.6 0.0030574
334 3 0 2.7 0.0030711
335 3 0 2.8 0.0030837
336 3 0 2.9 0.0030964
337 3 0 3 0.0031079
338 3 0 3.1 0.0031192
339 3 0 3.2 0.0031302
340 3 0 3.3 0.0031406
341 3 0 3.4 0.0031507
342 3 0 3.5 0.0031604
343 3 0 3.6 0.0031699
344 3 0 3.7 0.0031792
345 3 0 3.8 0.0031883
346 3 0 3.9 0.003197
347 3 0 4 0.0032054
348 3 0 4.1 0.0032141
349 3 0 4.2 0.0032224
350 3 0 4.3 0.0032302
351 3 0 4.4 0.0032386
352 3 0 4.5 0.0032463
353 3 0 4.6 0.0032541
354 3 0 4.7 0.003262
355 3 0 4.8 0.0032698
356 3 0 4.9 0.0032781
357 3 0 5 0.0032859
358 3.5 0 0 1.9189E-06
359 3.5 0 0.1 0.00032291
360 3.5 0 0.2 0.00063467
361 3.5 0 0.3 0.00093459
362 3.5 0 0.4 0.0012225
363 3.5 0 0.5 0.0014975
364 3.5 0 0.6 0.0017598
365 3.5 0 0.7 0.0020082
366 3.5 0 0.8 0.0022435
367 3.5 0 0.9 0.0024626
368 3.5 0 1 0.0026693
369 3.5 0 1.1 0.0028609
370 3.5 0 1.2 0.0030377
371 3.5 0 1.3 0.0031994
372 3.5 0 1.4 0.0033455
373 3.5 0 1.5 0.0034772
374 3.5 0 1.6 0.0035933
375 3.5 0 1.7 0.0036953
376 3.5 0 1.8 0.0037829
377 3.5 0 1.9 0.0038574
378 3.5 0 2 0.00392
379 3.5 0 2.1 0.0039719
380 3.5 0 2.2 0.0040144
381 3.5 0 2.3 0.0040502
382 3.5 0 2.4 0.0040806
383 3.5 0 2.5 0.0041064
384 3.5 0 2.6 0.0041296
385 3.5 0 2.7 0.0041507
386 3.5 0 2.8 0.0041699
387 3.5 0 2.9 0.0041879
388 3.5 0 3 0.0042047
389 3.5 0 3.1 0.0042204
390 3.5 0 3.2 0.0042351
391 3.5 0 3.3 0.0042495
392 3.5 0 3.4 0.0042635
393 3.5 0 3.5 0.0042764
394 3.5 0 3.6 0.0042891
395 3.5 0 3.7 0.0043012
396 3.5 0 3.8 0.004313
397 3.5 0 3.9 0.0043243
398 3.5 0 4 0.0043353
399 3.5 0 4.1 0.0043458
400 3.5 0 4.2 0.0043561
401 3.5 0 4.3 0.0043667
402 3.5 0 4.4 0.0043768
403 3.5 0 4.5 0.0043868
404 3.5 0 4.6 0.0043962
405 3.5 0 4.7 0.0044059
406 3.5 0 4.8 0.0044152
407 3.5 0 4.9 0.0044248
408 3.5 0 5 0.0044338
409 4 0 0 2.1541E-06
410 4 0 0.1 0.00036179
411 4 0 0.2 0.00071321
412 4 0 0.3 0.00105404
413 4 0 0.4 0.0013838
414 4 0 0.5 0.0017015
415 4 0 0.6 0.0020071
416 4 0 0.7 0.0023009
417 4 0 0.8 0.0025819
418 4 0 0.9 0.0028476
419 4 0 1 0.0031022
420 4 0 1.1 0.0033429
421 4 0 1.2 0.0035694
422 4 0 1.3 0.0037816
423 4 0 1.4 0.0039786
424 4 0 1.5 0.0041608
425 4 0 1.6 0.0043278
426 4 0 1.7 0.0044798
427 4 0 1.8 0.0046168
428 4 0 1.9 0.0047389
429 4 0 2 0.0048469
430 4 0 2.1 0.004941
431 4 0 2.2 0.0050224
432 4 0 2.3 0.0050915
433 4 0 2.4 0.0051501
434 4 0 2.5 0.0051998
435 4 0 2.6 0.0052414
436 4 0 2.7 0.0052771
437 4 0 2.8 0.0053082
438 4 0 2.9 0.0053352
439 4 0 3 0.0053602
440 4 0 3.1 0.005383
441 4 0 3.2 0.0054038
442 4 0 3.3 0.0054234
443 4 0 3.4 0.0054415
444 4 0 3.5 0.0054587
445 4 0 3.6 0.0054748
446 4 0 3.7 0.0054906
447 4 0 3.8 0.0055058
448 4 0 3.9 0.0055202
449 4 0 4 0.0055341
450 4 0 4.1 0.0055471
451 4 0 4.2 0.0055602
452 4 0 4.3 0.0055725
453 4 0 4.4 0.0055846
454 4 0 4.5 0.0055964
455 4 0 4.6 0.0056081
456 4 0 4.7 0.0056194
457 4 0 4.8 0.0056301
458 4 0 4.9 0.0056413
459 4 0 5 0.0056516
460 4.5 0 0 2.4265E-06
461 4.5 0 0.1 0.00039694
462 4.5 0 0.2 0.00078444
463 4.5 0 0.3 0.0011619
464 4.5 0 0.4 0.0015293
465 4.5 0 0.5 0.0018856
466 4.5 0 0.6 0.002231
467 4.5 0 0.7 0.0025648
468 4.5 0 0.8 0.0028877
469 4.5 0 0.9 0.0031961
470 4.5 0 1 0.0034948
471 4.5 0 1.1 0.0037804
472 4.5 0 1.2 0.0040527
473 4.5 0 1.3 0.004311
474 4.5 0 1.4 0.0045554
475 4.5 0 1.5 0.0047853
476 4.5 0 1.6 0.0049998
477 4.5 0 1.7 0.0051995
478 4.5 0 1.8 0.0053842
479 4.5 0 1.9 0.0055536
480 4.5 0 2 0.0057082
481 4.5 0 2.1 0.0058478
482 4.5 0 2.2 0.005973
483 4.5 0 2.3 0.0060841
484 4.5 0 2.4 0.0061812
485 4.5 0 2.5 0.0062664
486 4.5 0 2.6 0.0063404
487 4.5 0 2.7 0.0064036
488 4.5 0 2.8 0.0064574
489 4.5 0 2.9 0.006504
490 4.5 0 3 0.0065438
491 4.5 0 3.1 0.0065787
492 4.5 0 3.2 0.0066096
493 4.5 0 3.3 0.0066375
494 4.5 0 3.4 0.0066628
495 4.5 0 3.5 0.0066861
496 4.5 0 3.6 0.0067078
497 4.5 0 3.7 0.0067278
498 4.5 0 3.8 0.006747
499 4.5 0 3.9 0.006765
500 4.5 0 4 0.0067821
501 4.5 0 4.1 0.0067986
502 4.5 0 4.2 0.0068144
503 4.5 0 4.3 0.0068295
504 4.5 0 4.4 0.0068444
505 4.5 0 4.5 0.0068582
506 4.5 0 4.6 0.0068719
507 4.5 0 4.7 0.0068848
508 4.5 0 4.8 0.0068977
509 4.5 0 4.9 0.00691
510 4.5 0 5 0.0069221
511 5 0 0 2.6289E-06
512 5 0 0.1 0.0004289
513 5 0 0.2 0.00084913
514 5 0 0.3 0.0012598
515 5 0 0.4 0.0016615
516 5 0 0.5 0.0020525
517 5 0 0.6 0.0024339
518 5 0 0.7 0.0028049
519 5 0 0.8 0.0031658
520 5 0 0.9 0.0035134
521 5 0 1 0.0038522
522 5 0 1.1 0.0041792
523 5 0 1.2 0.004494
524 5 0 1.3 0.0047954
525 5 0 1.4 0.0050835
526 5 0 1.5 0.0053575
527 5 0 1.6 0.0056173
528 5 0 1.7 0.0058616
529 5 0 1.8 0.0060911
530 5 0 1.9 0.0063057
531 5 0 2 0.0065047
532 5 0 2.1 0.0066886
533 5 0 2.2 0.0068573
534 5 0 2.3 0.007011
535 5 0 2.4 0.0071495
536 5 0 2.5 0.007275
537 5 0 2.6 0.0073872
538 5 0 2.7 0.0074858
539 5 0 2.8 0.0075728
540 5 0 2.9 0.0076486
541 5 0 3 0.0077141
542 5 0 3.1 0.0077712
543 5 0 3.2 0.0078202
544 5 0 3.3 0.0078629
545 5 0 3.4 0.0079007
546 5 0 3.5 0.0079341
547 5 0 3.6 0.0079645
548 5 0 3.7 0.0079917
549 5 0 3.8 0.008017
550 5 0 3.9 0.0080402
551 5 0 4 0.0080618
552 5 0 4.1 0.0080824
553 5 0 4.2 0.0081018
554 5 0 4.3 0.00812
555 5 0 4.4 0.0081374
556 5 0 4.5 0.0081545
557 5 0 4.6 0.0081704
558 5 0 4.7 0.0081855
559 5 0 4.8 0.0082004
560 5 0 4.9 0.0082146
561 5 0 5 0.0082287
