
VD= 0 to -5 in -0.1 step
VG= 0 to -5 in -0.5 step
NO. VG VB VD ID
 V V V A
1 0 0 0 -5.95E-12
2 0 0 -0.1 -1.668E-11
3 0 0 -0.2 -1.69E-11
4 0 0 -0.3 -1.732E-11
5 0 0 -0.4 -1.722E-11
6 0 0 -0.5 -1.754E-11
7 0 0 -0.6 -1.755E-11
8 0 0 -0.7 -1.778E-11
9 0 0 -0.8 -1.786E-11
10 0 0 -0.9 -1.802E-11
11 0 0 -1 -1.806E-11
12 0 0 -1.1 -1.818E-11
13 0 0 -1.2 -1.839E-11
14 0 0 -1.3 -1.84E-11
15 0 0 -1.4 -1.843E-11
16 0 0 -1.5 -1.901E-11
17 0 0 -1.6 -1.89E-11
18 0 0 -1.7 -1.922E-11
19 0 0 -1.8 -1.941E-11
20 0 0 -1.9 -1.946E-11
21 0 0 -2 -1.985E-11
22 0 0 -2.1 -1.983E-11
23 0 0 -2.2 -2.021E-11
24 0 0 -2.3 -2.037E-11
25 0 0 -2.4 -2.091E-11
26 0 0 -2.5 -2.143E-11
27 0 0 -2.6 -2.185E-11
28 0 0 -2.7 -2.262E-11
29 0 0 -2.8 -2.318E-11
30 0 0 -2.9 -2.441E-11
31 0 0 -3 -2.569E-11
32 0 0 -3.1 -2.739E-11
33 0 0 -3.2 -2.965E-11
34 0 0 -3.3 -3.221E-11
35 0 0 -3.4 -3.538E-11
36 0 0 -3.5 -3.937E-11
37 0 0 -3.6 -4.446E-11
38 0 0 -3.7 -5.048E-11
39 0 0 -3.8 -5.77E-11
40 0 0 -3.9 -6.643E-11
41 0 0 -4 -7.641E-11
42 0 0 -4.1 -8.804E-11
43 0 0 -4.2 -1.0162E-10
44 0 0 -4.3 -1.1604E-10
45 0 0 -4.4 -1.3359E-10
46 0 0 -4.5 -1.5283E-10
47 0 0 -4.6 -1.7327E-10
48 0 0 -4.7 -1.9826E-10
49 0 0 -4.8 -2.2326E-10
50 0 0 -4.9 -2.5305E-10
51 0 0 -5 -2.8512E-10
52 -0.5 0 0 9.089E-09
53 -0.5 0 -0.1 -4.4459E-07
54 -0.5 0 -0.2 -4.7573E-07
55 -0.5 0 -0.3 -4.8147E-07
56 -0.5 0 -0.4 -4.8535E-07
57 -0.5 0 -0.5 -4.896E-07
58 -0.5 0 -0.6 -4.9303E-07
59 -0.5 0 -0.7 -4.9532E-07
60 -0.5 0 -0.8 -4.9711E-07
61 -0.5 0 -0.9 -5.0016E-07
62 -0.5 0 -1 -5.0077E-07
63 -0.5 0 -1.1 -5.0279E-07
64 -0.5 0 -1.2 -5.0605E-07
65 -0.5 0 -1.3 -5.0738E-07
66 -0.5 0 -1.4 -5.0994E-07
67 -0.5 0 -1.5 -5.1105E-07
68 -0.5 0 -1.6 -5.1482E-07
69 -0.5 0 -1.7 -5.1593E-07
70 -0.5 0 -1.8 -5.1829E-07
71 -0.5 0 -1.9 -5.1876E-07
72 -0.5 0 -2 -5.2097E-07
73 -0.5 0 -2.1 -5.2185E-07
74 -0.5 0 -2.2 -5.243E-07
75 -0.5 0 -2.3 -5.2467E-07
76 -0.5 0 -2.4 -5.2603E-07
77 -0.5 0 -2.5 -5.2747E-07
78 -0.5 0 -2.6 -5.2719E-07
79 -0.5 0 -2.7 -5.2929E-07
80 -0.5 0 -2.8 -5.2993E-07
81 -0.5 0 -2.9 -5.3159E-07
82 -0.5 0 -3 -5.3334E-07
83 -0.5 0 -3.1 -5.3626E-07
84 -0.5 0 -3.2 -5.3624E-07
85 -0.5 0 -3.3 -5.3943E-07
86 -0.5 0 -3.4 -5.3979E-07
87 -0.5 0 -3.5 -5.3975E-07
88 -0.5 0 -3.6 -5.4094E-07
89 -0.5 0 -3.7 -5.4346E-07
90 -0.5 0 -3.8 -5.4374E-07
91 -0.5 0 -3.9 -5.4405E-07
92 -0.5 0 -4 -5.453E-07
93 -0.5 0 -4.1 -5.4556E-07
94 -0.5 0 -4.2 -5.4634E-07
95 -0.5 0 -4.3 -5.499E-07
96 -0.5 0 -4.4 -5.4976E-07
97 -0.5 0 -4.5 -5.5167E-07
98 -0.5 0 -4.6 -5.5184E-07
99 -0.5 0 -4.7 -5.5401E-07
100 -0.5 0 -4.8 -5.5326E-07
101 -0.5 0 -4.9 -5.547E-07
102 -0.5 0 -5 -5.5525E-07
103 -1 0 0 1.0284E-07
104 -1 0 -0.1 -1.6843E-05
105 -1 0 -0.2 -2.6873E-05
106 -1 0 -0.3 -3.1588E-05
107 -1 0 -0.4 -3.3402E-05
108 -1 0 -0.5 -3.4071E-05
109 -1 0 -0.6 -3.4452E-05
110 -1 0 -0.7 -3.471E-05
111 -1 0 -0.8 -3.4952E-05
112 -1 0 -0.9 -3.5135E-05
113 -1 0 -1 -3.5327E-05
114 -1 0 -1.1 -3.5495E-05
115 -1 0 -1.2 -3.5602E-05
116 -1 0 -1.3 -3.5744E-05
117 -1 0 -1.4 -3.5876E-05
118 -1 0 -1.5 -3.6004E-05
119 -1 0 -1.6 -3.6142E-05
120 -1 0 -1.7 -3.623E-05
121 -1 0 -1.8 -3.6327E-05
122 -1 0 -1.9 -3.6457E-05
123 -1 0 -2 -3.6559E-05
124 -1 0 -2.1 -3.6641E-05
125 -1 0 -2.2 -3.673E-05
126 -1 0 -2.3 -3.6837E-05
127 -1 0 -2.4 -3.694E-05
128 -1 0 -2.5 -3.7016E-05
129 -1 0 -2.6 -3.7094E-05
130 -1 0 -2.7 -3.7205E-05
131 -1 0 -2.8 -3.731E-05
132 -1 0 -2.9 -3.7347E-05
133 -1 0 -3 -3.7427E-05
134 -1 0 -3.1 -3.7493E-05
135 -1 0 -3.2 -3.7558E-05
136 -1 0 -3.3 -3.7663E-05
137 -1 0 -3.4 -3.7747E-05
138 -1 0 -3.5 -3.7795E-05
139 -1 0 -3.6 -3.7866E-05
140 -1 0 -3.7 -3.7959E-05
141 -1 0 -3.8 -3.8023E-05
142 -1 0 -3.9 -3.8053E-05
143 -1 0 -4 -3.8148E-05
144 -1 0 -4.1 -3.8191E-05
145 -1 0 -4.2 -3.8279E-05
146 -1 0 -4.3 -3.838E-05
147 -1 0 -4.4 -3.8413E-05
148 -1 0 -4.5 -3.8482E-05
149 -1 0 -4.6 -3.8532E-05
150 -1 0 -4.7 -3.8585E-05
151 -1 0 -4.8 -3.8641E-05
152 -1 0 -4.9 -3.8693E-05
153 -1 0 -5 -3.8796E-05
154 -1.5 0 0 2.2882E-07
155 -1.5 0 -0.1 -4.2182E-05
156 -1.5 0 -0.2 -7.658E-05
157 -1.5 0 -0.3 -0.000103336
158 -1.5 0 -0.4 -0.00012294
159 -1.5 0 -0.5 -0.0001364
160 -1.5 0 -0.6 -0.00014482
161 -1.5 0 -0.7 -0.00014976
162 -1.5 0 -0.8 -0.00015264
163 -1.5 0 -0.9 -0.00015444
164 -1.5 0 -1 -0.00015572
165 -1.5 0 -1.1 -0.0001568
166 -1.5 0 -1.2 -0.00015762
167 -1.5 0 -1.3 -0.0001584
168 -1.5 0 -1.4 -0.00015909
169 -1.5 0 -1.5 -0.00015966
170 -1.5 0 -1.6 -0.00016027
171 -1.5 0 -1.7 -0.00016078
172 -1.5 0 -1.8 -0.00016131
173 -1.5 0 -1.9 -0.00016183
174 -1.5 0 -2 -0.00016229
175 -1.5 0 -2.1 -0.0001627
176 -1.5 0 -2.2 -0.00016323
177 -1.5 0 -2.3 -0.00016358
178 -1.5 0 -2.4 -0.00016405
179 -1.5 0 -2.5 -0.00016441
180 -1.5 0 -2.6 -0.00016482
181 -1.5 0 -2.7 -0.0001652
182 -1.5 0 -2.8 -0.00016549
183 -1.5 0 -2.9 -0.00016588
184 -1.5 0 -3 -0.0001663
185 -1.5 0 -3.1 -0.00016658
186 -1.5 0 -3.2 -0.00016693
187 -1.5 0 -3.3 -0.00016723
188 -1.5 0 -3.4 -0.00016756
189 -1.5 0 -3.5 -0.00016796
190 -1.5 0 -3.6 -0.00016819
191 -1.5 0 -3.7 -0.00016849
192 -1.5 0 -3.8 -0.00016878
193 -1.5 0 -3.9 -0.00016916
194 -1.5 0 -4 -0.00016935
195 -1.5 0 -4.1 -0.0001697
196 -1.5 0 -4.2 -0.00016996
197 -1.5 0 -4.3 -0.00017015
198 -1.5 0 -4.4 -0.00017047
199 -1.5 0 -4.5 -0.00017081
200 -1.5 0 -4.6 -0.00017103
201 -1.5 0 -4.7 -0.00017134
202 -1.5 0 -4.8 -0.00017152
203 -1.5 0 -4.9 -0.00017174
204 -1.5 0 -5 -0.00017209
205 -2 0 0 3.2355E-07
206 -2 0 -0.1 -6.7088E-05
207 -2 0 -0.2 -0.00012663
208 -2 0 -0.3 -0.00017849
209 -2 0 -0.4 -0.00022288
210 -2 0 -0.5 -0.00025991
211 -2 0 -0.6 -0.00029
212 -2 0 -0.7 -0.00031374
213 -2 0 -0.8 -0.00033155
214 -2 0 -0.9 -0.00034434
215 -2 0 -1 -0.00035337
216 -2 0 -1.1 -0.00035954
217 -2 0 -1.2 -0.00036401
218 -2 0 -1.3 -0.00036719
219 -2 0 -1.4 -0.00036968
220 -2 0 -1.5 -0.00037185
221 -2 0 -1.6 -0.00037351
222 -2 0 -1.7 -0.00037528
223 -2 0 -1.8 -0.00037673
224 -2 0 -1.9 -0.00037788
225 -2 0 -2 -0.00037927
226 -2 0 -2.1 -0.00038052
227 -2 0 -2.2 -0.00038156
228 -2 0 -2.3 -0.00038258
229 -2 0 -2.4 -0.00038362
230 -2 0 -2.5 -0.00038467
231 -2 0 -2.6 -0.00038559
232 -2 0 -2.7 -0.00038649
233 -2 0 -2.8 -0.00038737
234 -2 0 -2.9 -0.00038825
235 -2 0 -3 -0.00038895
236 -2 0 -3.1 -0.00038987
237 -2 0 -3.2 -0.00039061
238 -2 0 -3.3 -0.00039156
239 -2 0 -3.4 -0.00039221
240 -2 0 -3.5 -0.00039306
241 -2 0 -3.6 -0.00039381
242 -2 0 -3.7 -0.00039444
243 -2 0 -3.8 -0.00039513
244 -2 0 -3.9 -0.00039581
245 -2 0 -4 -0.00039642
246 -2 0 -4.1 -0.00039716
247 -2 0 -4.2 -0.00039785
248 -2 0 -4.3 -0.00039829
249 -2 0 -4.4 -0.00039909
250 -2 0 -4.5 -0.00039968
251 -2 0 -4.6 -0.00040032
252 -2 0 -4.7 -0.00040093
253 -2 0 -4.8 -0.00040147
254 -2 0 -4.9 -0.00040193
255 -2 0 -5 -0.00040257
256 -2.5 0 0 3.8262E-07
257 -2.5 0 -0.1 -9.0252E-05
258 -2.5 0 -0.2 -0.00017346
259 -2.5 0 -0.3 -0.00024933
260 -2.5 0 -0.4 -0.00031783
261 -2.5 0 -0.5 -0.0003791
262 -2.5 0 -0.6 -0.00043325
263 -2.5 0 -0.7 -0.00048047
264 -2.5 0 -0.8 -0.0005209
265 -2.5 0 -0.9 -0.00055495
266 -2.5 0 -1 -0.00058294
267 -2.5 0 -1.1 -0.00060519
268 -2.5 0 -1.2 -0.0006228
269 -2.5 0 -1.3 -0.00063622
270 -2.5 0 -1.4 -0.00064638
271 -2.5 0 -1.5 -0.00065404
272 -2.5 0 -1.6 -0.00065996
273 -2.5 0 -1.7 -0.00066482
274 -2.5 0 -1.8 -0.00066865
275 -2.5 0 -1.9 -0.00067196
276 -2.5 0 -2 -0.00067508
277 -2.5 0 -2.1 -0.00067758
278 -2.5 0 -2.2 -0.00068
279 -2.5 0 -2.3 -0.00068205
280 -2.5 0 -2.4 -0.00068428
281 -2.5 0 -2.5 -0.00068603
282 -2.5 0 -2.6 -0.00068794
283 -2.5 0 -2.7 -0.00068973
284 -2.5 0 -2.8 -0.00069149
285 -2.5 0 -2.9 -0.00069322
286 -2.5 0 -3 -0.0006947
287 -2.5 0 -3.1 -0.00069623
288 -2.5 0 -3.2 -0.00069765
289 -2.5 0 -3.3 -0.00069898
290 -2.5 0 -3.4 -0.00070039
291 -2.5 0 -3.5 -0.00070172
292 -2.5 0 -3.6 -0.00070314
293 -2.5 0 -3.7 -0.00070442
294 -2.5 0 -3.8 -0.00070568
295 -2.5 0 -3.9 -0.00070678
296 -2.5 0 -4 -0.0007081
297 -2.5 0 -4.1 -0.00070939
298 -2.5 0 -4.2 -0.00071049
299 -2.5 0 -4.3 -0.00071153
300 -2.5 0 -4.4 -0.00071265
301 -2.5 0 -4.5 -0.00071381
302 -2.5 0 -4.6 -0.00071505
303 -2.5 0 -4.7 -0.00071596
304 -2.5 0 -4.8 -0.00071695
305 -2.5 0 -4.9 -0.00071799
306 -2.5 0 -5 -0.00071912
307 -3 0 0 4.2972E-07
308 -3 0 -0.1 -0.00011156
309 -3 0 -0.2 -0.00021664
310 -3 0 -0.3 -0.00031464
311 -3 0 -0.4 -0.00040563
312 -3 0 -0.5 -0.0004897
313 -3 0 -0.6 -0.00056679
314 -3 0 -0.7 -0.00063713
315 -3 0 -0.8 -0.00070069
316 -3 0 -0.9 -0.00075759
317 -3 0 -1 -0.0008078
318 -3 0 -1.1 -0.00085156
319 -3 0 -1.2 -0.00088959
320 -3 0 -1.3 -0.00092168
321 -3 0 -1.4 -0.00094864
322 -3 0 -1.5 -0.0009706
323 -3 0 -1.6 -0.00098836
324 -3 0 -1.7 -0.00100262
325 -3 0 -1.8 -0.00101421
326 -3 0 -1.9 -0.00102328
327 -3 0 -2 -0.00103078
328 -3 0 -2.1 -0.00103689
329 -3 0 -2.2 -0.0010421
330 -3 0 -2.3 -0.00104684
331 -3 0 -2.4 -0.00105094
332 -3 0 -2.5 -0.00105431
333 -3 0 -2.6 -0.00105784
334 -3 0 -2.7 -0.00106127
335 -3 0 -2.8 -0.00106392
336 -3 0 -2.9 -0.00106675
337 -3 0 -3 -0.00106958
338 -3 0 -3.1 -0.00107192
339 -3 0 -3.2 -0.00107445
340 -3 0 -3.3 -0.00107672
341 -3 0 -3.4 -0.00107908
342 -3 0 -3.5 -0.00108118
343 -3 0 -3.6 -0.00108327
344 -3 0 -3.7 -0.00108542
345 -3 0 -3.8 -0.00108732
346 -3 0 -3.9 -0.00108921
347 -3 0 -4 -0.00109124
348 -3 0 -4.1 -0.00109305
349 -3 0 -4.2 -0.00109494
350 -3 0 -4.3 -0.00109655
351 -3 0 -4.4 -0.00109844
352 -3 0 -4.5 -0.0011002
353 -3 0 -4.6 -0.00110157
354 -3 0 -4.7 -0.00110331
355 -3 0 -4.8 -0.00110491
356 -3 0 -4.9 -0.0011065
357 -3 0 -5 -0.00110822
358 -3.5 0 0 4.5391E-07
359 -3.5 0 -0.1 -0.00013118
360 -3.5 0 -0.2 -0.00025629
361 -3.5 0 -0.3 -0.00037477
362 -3.5 0 -0.4 -0.00048652
363 -3.5 0 -0.5 -0.00059162
364 -3.5 0 -0.6 -0.00069008
365 -3.5 0 -0.7 -0.00078194
366 -3.5 0 -0.8 -0.00086724
367 -3.5 0 -0.9 -0.00094595
368 -3.5 0 -1 -0.0010182
369 -3.5 0 -1.1 -0.00108349
370 -3.5 0 -1.2 -0.0011428
371 -3.5 0 -1.3 -0.0011963
372 -3.5 0 -1.4 -0.0012438
373 -3.5 0 -1.5 -0.0012855
374 -3.5 0 -1.6 -0.0013213
375 -3.5 0 -1.7 -0.0013524
376 -3.5 0 -1.8 -0.0013783
377 -3.5 0 -1.9 -0.0014002
378 -3.5 0 -2 -0.0014185
379 -3.5 0 -2.1 -0.0014337
380 -3.5 0 -2.2 -0.0014461
381 -3.5 0 -2.3 -0.0014564
382 -3.5 0 -2.4 -0.0014653
383 -3.5 0 -2.5 -0.0014729
384 -3.5 0 -2.6 -0.0014794
385 -3.5 0 -2.7 -0.0014857
386 -3.5 0 -2.8 -0.0014906
387 -3.5 0 -2.9 -0.0014953
388 -3.5 0 -3 -0.0014997
389 -3.5 0 -3.1 -0.0015038
390 -3.5 0 -3.2 -0.0015077
391 -3.5 0 -3.3 -0.0015114
392 -3.5 0 -3.4 -0.001515
393 -3.5 0 -3.5 -0.001518
394 -3.5 0 -3.6 -0.0015214
395 -3.5 0 -3.7 -0.0015241
396 -3.5 0 -3.8 -0.0015274
397 -3.5 0 -3.9 -0.0015301
398 -3.5 0 -4 -0.0015331
399 -3.5 0 -4.1 -0.0015355
400 -3.5 0 -4.2 -0.0015382
401 -3.5 0 -4.3 -0.0015406
402 -3.5 0 -4.4 -0.0015433
403 -3.5 0 -4.5 -0.0015457
404 -3.5 0 -4.6 -0.0015478
405 -3.5 0 -4.7 -0.0015502
406 -3.5 0 -4.8 -0.0015527
407 -3.5 0 -4.9 -0.0015549
408 -3.5 0 -5 -0.001557
409 -4 0 0 4.7998E-07
410 -4 0 -0.1 -0.0001494
411 -4 0 -0.2 -0.00029306
412 -4 0 -0.3 -0.00043041
413 -4 0 -0.4 -0.00056142
414 -4 0 -0.5 -0.00068599
415 -4 0 -0.6 -0.0008042
416 -4 0 -0.7 -0.00091606
417 -4 0 -0.8 -0.00102156
418 -4 0 -0.9 -0.00112084
419 -4 0 -1 -0.001214
420 -4 0 -1.1 -0.0012996
421 -4 0 -1.2 -0.0013798
422 -4 0 -1.3 -0.0014537
423 -4 0 -1.4 -0.0015218
424 -4 0 -1.5 -0.0015836
425 -4 0 -1.6 -0.0016398
426 -4 0 -1.7 -0.0016899
427 -4 0 -1.8 -0.0017348
428 -4 0 -1.9 -0.0017744
429 -4 0 -2 -0.0018087
430 -4 0 -2.1 -0.0018387
431 -4 0 -2.2 -0.0018645
432 -4 0 -2.3 -0.0018867
433 -4 0 -2.4 -0.001905
434 -4 0 -2.5 -0.001921
435 -4 0 -2.6 -0.0019344
436 -4 0 -2.7 -0.0019459
437 -4 0 -2.8 -0.001956
438 -4 0 -2.9 -0.0019648
439 -4 0 -3 -0.0019726
440 -4 0 -3.1 -0.0019796
441 -4 0 -3.2 -0.0019863
442 -4 0 -3.3 -0.001992
443 -4 0 -3.4 -0.0019973
444 -4 0 -3.5 -0.0020023
445 -4 0 -3.6 -0.002007
446 -4 0 -3.7 -0.0020116
447 -4 0 -3.8 -0.0020159
448 -4 0 -3.9 -0.0020197
449 -4 0 -4 -0.0020234
450 -4 0 -4.1 -0.0020273
451 -4 0 -4.2 -0.002031
452 -4 0 -4.3 -0.0020347
453 -4 0 -4.4 -0.0020381
454 -4 0 -4.5 -0.0020417
455 -4 0 -4.6 -0.0020445
456 -4 0 -4.7 -0.0020478
457 -4 0 -4.8 -0.0020508
458 -4 0 -4.9 -0.0020537
459 -4 0 -5 -0.0020564
460 -4.5 0 0 5.0355E-07
461 -4.5 0 -0.1 -0.00016623
462 -4.5 0 -0.2 -0.00032727
463 -4.5 0 -0.3 -0.00048214
464 -4.5 0 -0.4 -0.00063089
465 -4.5 0 -0.5 -0.00077356
466 -4.5 0 -0.6 -0.00090999
467 -4.5 0 -0.7 -0.00104053
468 -4.5 0 -0.8 -0.0011651
469 -4.5 0 -0.9 -0.001283
470 -4.5 0 -1 -0.001395
471 -4.5 0 -1.1 -0.0015001
472 -4.5 0 -1.2 -0.0015998
473 -4.5 0 -1.3 -0.0016936
474 -4.5 0 -1.4 -0.0017811
475 -4.5 0 -1.5 -0.001863
476 -4.5 0 -1.6 -0.0019386
477 -4.5 0 -1.7 -0.0020082
478 -4.5 0 -1.8 -0.0020723
479 -4.5 0 -1.9 -0.0021307
480 -4.5 0 -2 -0.0021835
481 -4.5 0 -2.1 -0.002231
482 -4.5 0 -2.2 -0.0022734
483 -4.5 0 -2.3 -0.0023112
484 -4.5 0 -2.4 -0.0023444
485 -4.5 0 -2.5 -0.0023736
486 -4.5 0 -2.6 -0.0023989
487 -4.5 0 -2.7 -0.0024206
488 -4.5 0 -2.8 -0.0024397
489 -4.5 0 -2.9 -0.0024567
490 -4.5 0 -3 -0.0024712
491 -4.5 0 -3.1 -0.0024837
492 -4.5 0 -3.2 -0.0024947
493 -4.5 0 -3.3 -0.0025047
494 -4.5 0 -3.4 -0.0025134
495 -4.5 0 -3.5 -0.0025215
496 -4.5 0 -3.6 -0.002529
497 -4.5 0 -3.7 -0.0025358
498 -4.5 0 -3.8 -0.0025418
499 -4.5 0 -3.9 -0.0025479
500 -4.5 0 -4 -0.0025534
501 -4.5 0 -4.1 -0.0025589
502 -4.5 0 -4.2 -0.0025636
503 -4.5 0 -4.3 -0.0025684
504 -4.5 0 -4.4 -0.0025733
505 -4.5 0 -4.5 -0.0025775
506 -4.5 0 -4.6 -0.0025818
507 -4.5 0 -4.7 -0.002586
508 -4.5 0 -4.8 -0.0025899
509 -4.5 0 -4.9 -0.0025936
510 -4.5 0 -5 -0.0025973
511 -5 0 0 1.0162E-06
512 -5 0 -0.1 -0.00018199
513 -5 0 -0.2 -0.00035902
514 -5 0 -0.3 -0.0005303
515 -5 0 -0.4 -0.00069563
516 -5 0 -0.5 -0.00085513
517 -5 0 -0.6 -0.00100866
518 -5 0 -0.7 -0.0011565
519 -5 0 -0.8 -0.0012982
520 -5 0 -0.9 -0.001434
521 -5 0 -1 -0.001564
522 -5 0 -1.1 -0.001687
523 -5 0 -1.2 -0.0018049
524 -5 0 -1.3 -0.001917
525 -5 0 -1.4 -0.0020231
526 -5 0 -1.5 -0.002123
527 -5 0 -1.6 -0.0022173
528 -5 0 -1.7 -0.0023059
529 -5 0 -1.8 -0.002388
530 -5 0 -1.9 -0.0024651
531 -5 0 -2 -0.0025364
532 -5 0 -2.1 -0.0026023
533 -5 0 -2.2 -0.0026622
534 -5 0 -2.3 -0.0027174
535 -5 0 -2.4 -0.0027674
536 -5 0 -2.5 -0.0028121
537 -5 0 -2.6 -0.0028527
538 -5 0 -2.7 -0.002889
539 -5 0 -2.8 -0.0029212
540 -5 0 -2.9 -0.0029496
541 -5 0 -3 -0.0029748
542 -5 0 -3.1 -0.0029968
543 -5 0 -3.2 -0.003016
544 -5 0 -3.3 -0.0030334
545 -5 0 -3.4 -0.0030488
546 -5 0 -3.5 -0.0030622
547 -5 0 -3.6 -0.0030744
548 -5 0 -3.7 -0.0030852
549 -5 0 -3.8 -0.003095
550 -5 0 -3.9 -0.0031042
551 -5 0 -4 -0.0031121
552 -5 0 -4.1 -0.0031195
553 -5 0 -4.2 -0.0031271
554 -5 0 -4.3 -0.0031334
555 -5 0 -4.4 -0.0031399
556 -5 0 -4.5 -0.0031459
557 -5 0 -4.6 -0.0031516
558 -5 0 -4.7 -0.0031571
559 -5 0 -4.8 -0.0031623
560 -5 0 -4.9 -0.0031673
561 -5 0 -5 -0.0031721
