
VD= 0 to -5 in -0.1 step
VG= 0 to -5 in -0.5 step
NO. VG VB VD ID IB
 V V V A A
1 0 0 0 6.24E-12 4.329E-11
2 0 0 -0.1 -6.931E-11 4.306E-11
3 0 0 -0.2 -7.068E-11 4.338E-11
4 0 0 -0.3 -6.743E-11 4.315E-11
5 0 0 -0.4 -6.702E-11 4.315E-11
6 0 0 -0.5 -6.722E-11 4.34E-11
7 0 0 -0.6 -6.709E-11 4.315E-11
8 0 0 -0.7 -6.72E-11 4.343E-11
9 0 0 -0.8 -6.692E-11 4.32E-11
10 0 0 -0.9 -6.72E-11 4.355E-11
11 0 0 -1 -6.726E-11 4.31E-11
12 0 0 -1.1 -6.72E-11 4.322E-11
13 0 0 -1.2 -6.687E-11 4.306E-11
14 0 0 -1.3 -6.697E-11 4.295E-11
15 0 0 -1.4 -6.712E-11 4.325E-11
16 0 0 -1.5 -6.752E-11 4.299E-11
17 0 0 -1.6 -6.811E-11 4.344E-11
18 0 0 -1.7 -6.789E-11 4.307E-11
19 0 0 -1.8 -6.735E-11 4.351E-11
20 0 0 -1.9 -6.755E-11 4.32E-11
21 0 0 -2 -6.692E-11 4.331E-11
22 0 0 -2.1 -6.719E-11 4.316E-11
23 0 0 -2.2 -6.668E-11 4.347E-11
24 0 0 -2.3 -6.7E-11 4.322E-11
25 0 0 -2.4 -6.707E-11 4.322E-11
26 0 0 -2.5 -6.726E-11 4.356E-11
27 0 0 -2.6 -6.722E-11 4.316E-11
28 0 0 -2.7 -6.704E-11 4.337E-11
29 0 0 -2.8 -6.739E-11 4.339E-11
30 0 0 -2.9 -6.73E-11 4.334E-11
31 0 0 -3 -6.714E-11 4.351E-11
32 0 0 -3.1 -6.726E-11 4.344E-11
33 0 0 -3.2 -6.762E-11 4.374E-11
34 0 0 -3.3 -6.768E-11 4.331E-11
35 0 0 -3.4 -6.739E-11 4.377E-11
36 0 0 -3.5 -6.765E-11 4.33E-11
37 0 0 -3.6 -6.779E-11 4.361E-11
38 0 0 -3.7 -6.765E-11 4.343E-11
39 0 0 -3.8 -6.766E-11 4.369E-11
40 0 0 -3.9 -6.786E-11 4.363E-11
41 0 0 -4 -6.789E-11 4.362E-11
42 0 0 -4.1 -6.801E-11 4.375E-11
43 0 0 -4.2 -6.789E-11 4.341E-11
44 0 0 -4.3 -6.799E-11 4.387E-11
45 0 0 -4.4 -6.835E-11 4.368E-11
46 0 0 -4.5 -6.811E-11 4.408E-11
47 0 0 -4.6 -6.825E-11 4.392E-11
48 0 0 -4.7 -6.841E-11 4.39E-11
49 0 0 -4.8 -6.829E-11 4.418E-11
50 0 0 -4.9 -6.856E-11 4.395E-11
51 0 0 -5 -6.867E-11 4.425E-11
52 -0.5 0 0 2.7313E-09 4.335E-11
53 -0.5 0 -0.1 -1.3963E-07 4.329E-11
54 -0.5 0 -0.2 -1.745E-07 4.355E-11
55 -0.5 0 -0.3 -1.7803E-07 4.363E-11
56 -0.5 0 -0.4 -1.7828E-07 4.364E-11
57 -0.5 0 -0.5 -1.7832E-07 4.374E-11
58 -0.5 0 -0.6 -1.7834E-07 4.36E-11
59 -0.5 0 -0.7 -1.7731E-07 4.354E-11
60 -0.5 0 -0.8 -1.776E-07 4.337E-11
61 -0.5 0 -0.9 -1.7764E-07 4.342E-11
62 -0.5 0 -1 -1.7844E-07 4.352E-11
63 -0.5 0 -1.1 -1.7847E-07 4.355E-11
64 -0.5 0 -1.2 -1.784E-07 4.358E-11
65 -0.5 0 -1.3 -1.7842E-07 4.365E-11
66 -0.5 0 -1.4 -1.7744E-07 4.385E-11
67 -0.5 0 -1.5 -1.7763E-07 4.386E-11
68 -0.5 0 -1.6 -1.7778E-07 4.394E-11
69 -0.5 0 -1.7 -1.7848E-07 4.378E-11
70 -0.5 0 -1.8 -1.7849E-07 4.368E-11
71 -0.5 0 -1.9 -1.7849E-07 4.372E-11
72 -0.5 0 -2 -1.786E-07 4.376E-11
73 -0.5 0 -2.1 -1.7855E-07 4.377E-11
74 -0.5 0 -2.2 -1.7747E-07 4.365E-11
75 -0.5 0 -2.3 -1.7787E-07 4.359E-11
76 -0.5 0 -2.4 -1.7783E-07 4.384E-11
77 -0.5 0 -2.5 -1.7859E-07 4.412E-11
78 -0.5 0 -2.6 -1.7865E-07 4.396E-11
79 -0.5 0 -2.7 -1.787E-07 4.4E-11
80 -0.5 0 -2.8 -1.7858E-07 4.403E-11
81 -0.5 0 -2.9 -1.776E-07 4.431E-11
82 -0.5 0 -3 -1.7781E-07 4.42E-11
83 -0.5 0 -3.1 -1.7863E-07 4.395E-11
84 -0.5 0 -3.2 -1.787E-07 4.415E-11
85 -0.5 0 -3.3 -1.7863E-07 4.44E-11
86 -0.5 0 -3.4 -1.7861E-07 4.451E-11
87 -0.5 0 -3.5 -1.7868E-07 4.493E-11
88 -0.5 0 -3.6 -1.7761E-07 4.544E-11
89 -0.5 0 -3.7 -1.7789E-07 4.622E-11
90 -0.5 0 -3.8 -1.7883E-07 4.729E-11
91 -0.5 0 -3.9 -1.7868E-07 4.862E-11
92 -0.5 0 -4 -1.7771E-07 5E-11
93 -0.5 0 -4.1 -1.7772E-07 5.198E-11
94 -0.5 0 -4.2 -1.7864E-07 5.474E-11
95 -0.5 0 -4.3 -1.7826E-07 5.868E-11
96 -0.5 0 -4.4 -1.7848E-07 6.382E-11
97 -0.5 0 -4.5 -1.7869E-07 7.024E-11
98 -0.5 0 -4.6 -1.7804E-07 7.799E-11
99 -0.5 0 -4.7 -1.7854E-07 9.019E-11
100 -0.5 0 -4.8 -1.778E-07 1.033E-10
101 -0.5 0 -4.9 -1.7879E-07 1.1949E-10
102 -0.5 0 -5 -1.7772E-07 1.4015E-10
103 -1 0 0 6.8517E-09 4.32E-11
104 -1 0 -0.1 -8.9828E-07 4.331E-11
105 -1 0 -0.2 -1.5257E-06 4.326E-11
106 -1 0 -0.3 -1.9115E-06 4.334E-11
107 -1 0 -0.4 -2.1032E-06 4.384E-11
108 -1 0 -0.5 -2.1671E-06 4.379E-11
109 -1 0 -0.6 -2.178E-06 4.397E-11
110 -1 0 -0.7 -2.18E-06 4.386E-11
111 -1 0 -0.8 -2.1809E-06 4.382E-11
112 -1 0 -0.9 -2.1813E-06 4.396E-11
113 -1 0 -1 -2.1821E-06 4.377E-11
114 -1 0 -1.1 -2.1823E-06 4.372E-11
115 -1 0 -1.2 -2.1822E-06 4.369E-11
116 -1 0 -1.3 -2.1815E-06 4.376E-11
117 -1 0 -1.4 -2.1825E-06 4.405E-11
118 -1 0 -1.5 -2.183E-06 4.403E-11
119 -1 0 -1.6 -2.1829E-06 4.406E-11
120 -1 0 -1.7 -2.1832E-06 4.412E-11
121 -1 0 -1.8 -2.1836E-06 4.429E-11
122 -1 0 -1.9 -2.1828E-06 4.424E-11
123 -1 0 -2 -2.1835E-06 4.394E-11
124 -1 0 -2.1 -2.1837E-06 4.374E-11
125 -1 0 -2.2 -2.1829E-06 4.397E-11
126 -1 0 -2.3 -2.1841E-06 4.423E-11
127 -1 0 -2.4 -2.1842E-06 4.435E-11
128 -1 0 -2.5 -2.1836E-06 4.441E-11
129 -1 0 -2.6 -2.1844E-06 4.441E-11
130 -1 0 -2.7 -2.1843E-06 4.443E-11
131 -1 0 -2.8 -2.184E-06 4.421E-11
132 -1 0 -2.9 -2.1848E-06 4.426E-11
133 -1 0 -3 -2.1849E-06 4.418E-11
134 -1 0 -3.1 -2.1847E-06 4.439E-11
135 -1 0 -3.2 -2.1854E-06 4.468E-11
136 -1 0 -3.3 -2.1856E-06 4.515E-11
137 -1 0 -3.4 -2.1845E-06 4.601E-11
138 -1 0 -3.5 -2.1852E-06 4.709E-11
139 -1 0 -3.6 -2.1856E-06 4.823E-11
140 -1 0 -3.7 -2.1846E-06 5.007E-11
141 -1 0 -3.8 -2.1856E-06 5.289E-11
142 -1 0 -3.9 -2.1857E-06 5.728E-11
143 -1 0 -4 -2.1859E-06 6.349E-11
144 -1 0 -4.1 -2.1861E-06 7.164E-11
145 -1 0 -4.2 -2.1852E-06 8.461E-11
146 -1 0 -4.3 -2.1862E-06 1.0014E-10
147 -1 0 -4.4 -2.1856E-06 1.2082E-10
148 -1 0 -4.5 -2.1863E-06 1.4927E-10
149 -1 0 -4.6 -2.1862E-06 1.8671E-10
150 -1 0 -4.7 -2.1863E-06 2.3624E-10
151 -1 0 -4.8 -2.1862E-06 3.0048E-10
152 -1 0 -4.9 -2.1868E-06 3.8368E-10
153 -1 0 -5 -2.1869E-06 4.9097E-10
154 -1.5 0 0 1.2944E-08 4.311E-11
155 -1.5 0 -0.1 -1.8255E-06 4.367E-11
156 -1.5 0 -0.2 -3.3586E-06 4.356E-11
157 -1.5 0 -0.3 -4.6005E-06 4.377E-11
158 -1.5 0 -0.4 -5.5641E-06 4.413E-11
159 -1.5 0 -0.5 -6.2665E-06 4.413E-11
160 -1.5 0 -0.6 -6.7352E-06 4.394E-11
161 -1.5 0 -0.7 -7.0037E-06 4.397E-11
162 -1.5 0 -0.8 -7.1219E-06 4.398E-11
163 -1.5 0 -0.9 -7.1567E-06 4.403E-11
164 -1.5 0 -1 -7.1643E-06 4.388E-11
165 -1.5 0 -1.1 -7.1655E-06 4.389E-11
166 -1.5 0 -1.2 -7.1682E-06 4.418E-11
167 -1.5 0 -1.3 -7.1689E-06 4.44E-11
168 -1.5 0 -1.4 -7.1703E-06 4.437E-11
169 -1.5 0 -1.5 -7.1708E-06 4.448E-11
170 -1.5 0 -1.6 -7.1721E-06 4.449E-11
171 -1.5 0 -1.7 -7.1726E-06 4.447E-11
172 -1.5 0 -1.8 -7.1722E-06 4.436E-11
173 -1.5 0 -1.9 -7.1736E-06 4.42E-11
174 -1.5 0 -2 -7.1738E-06 4.415E-11
175 -1.5 0 -2.1 -7.1747E-06 4.417E-11
176 -1.5 0 -2.2 -7.1752E-06 4.411E-11
177 -1.5 0 -2.3 -7.1761E-06 4.422E-11
178 -1.5 0 -2.4 -7.1761E-06 4.431E-11
179 -1.5 0 -2.5 -7.175E-06 4.45E-11
180 -1.5 0 -2.6 -7.1774E-06 4.463E-11
181 -1.5 0 -2.7 -7.1775E-06 4.462E-11
182 -1.5 0 -2.8 -7.1779E-06 4.477E-11
183 -1.5 0 -2.9 -7.1786E-06 4.472E-11
184 -1.5 0 -3 -7.1785E-06 4.456E-11
185 -1.5 0 -3.1 -7.1778E-06 4.444E-11
186 -1.5 0 -3.2 -7.1797E-06 4.462E-11
187 -1.5 0 -3.3 -7.1803E-06 4.482E-11
188 -1.5 0 -3.4 -7.1802E-06 4.507E-11
189 -1.5 0 -3.5 -7.1799E-06 4.562E-11
190 -1.5 0 -3.6 -7.1808E-06 4.642E-11
191 -1.5 0 -3.7 -7.1802E-06 4.798E-11
192 -1.5 0 -3.8 -7.1817E-06 5E-11
193 -1.5 0 -3.9 -7.1821E-06 5.284E-11
194 -1.5 0 -4 -7.1814E-06 5.733E-11
195 -1.5 0 -4.1 -7.1825E-06 6.409E-11
196 -1.5 0 -4.2 -7.1828E-06 7.417E-11
197 -1.5 0 -4.3 -7.1828E-06 8.953E-11
198 -1.5 0 -4.4 -7.1836E-06 1.0944E-10
199 -1.5 0 -4.5 -7.1839E-06 1.376E-10
200 -1.5 0 -4.6 -7.1844E-06 1.7624E-10
201 -1.5 0 -4.7 -7.1837E-06 2.2861E-10
202 -1.5 0 -4.8 -7.1845E-06 2.9994E-10
203 -1.5 0 -4.9 -7.1854E-06 3.9605E-10
204 -1.5 0 -5 -7.1857E-06 5.2366E-10
205 -2 0 0 1.8307E-08 4.309E-11
206 -2 0 -0.1 -2.7469E-06 4.392E-11
207 -2 0 -0.2 -5.2059E-06 4.392E-11
208 -2 0 -0.3 -7.3702E-06 4.406E-11
209 -2 0 -0.4 -9.246E-06 4.427E-11
210 -2 0 -0.5 -1.08411E-05 4.433E-11
211 -2 0 -0.6 -1.2162E-05 4.879E-11
212 -2 0 -0.7 -1.322E-05 4.428E-11
213 -2 0 -0.8 -1.4028E-05 4.419E-11
214 -2 0 -0.9 -1.4605E-05 4.41E-11
215 -2 0 -1 -1.4974E-05 4.426E-11
216 -2 0 -1.1 -1.5174E-05 4.418E-11
217 -2 0 -1.2 -1.5259E-05 4.431E-11
218 -2 0 -1.3 -1.5282E-05 4.426E-11
219 -2 0 -1.4 -1.5292E-05 4.424E-11
220 -2 0 -1.5 -1.5294E-05 4.436E-11
221 -2 0 -1.6 -1.5298E-05 4.437E-11
222 -2 0 -1.7 -1.5301E-05 4.447E-11
223 -2 0 -1.8 -1.5303E-05 4.441E-11
224 -2 0 -1.9 -1.5304E-05 4.445E-11
225 -2 0 -2 -1.5306E-05 4.434E-11
226 -2 0 -2.1 -1.5307E-05 4.448E-11
227 -2 0 -2.2 -1.5308E-05 4.452E-11
228 -2 0 -2.3 -1.531E-05 4.446E-11
229 -2 0 -2.4 -1.531E-05 4.462E-11
230 -2 0 -2.5 -1.5311E-05 4.466E-11
231 -2 0 -2.6 -1.5311E-05 4.467E-11
232 -2 0 -2.7 -1.5314E-05 4.457E-11
233 -2 0 -2.8 -1.5315E-05 4.474E-11
234 -2 0 -2.9 -1.5317E-05 4.482E-11
235 -2 0 -3 -1.5317E-05 4.48E-11
236 -2 0 -3.1 -1.5317E-05 4.487E-11
237 -2 0 -3.2 -1.5319E-05 4.489E-11
238 -2 0 -3.3 -1.5319E-05 4.492E-11
239 -2 0 -3.4 -1.5317E-05 4.498E-11
240 -2 0 -3.5 -1.5321E-05 4.501E-11
241 -2 0 -3.6 -1.5322E-05 4.544E-11
242 -2 0 -3.7 -1.5321E-05 4.58E-11
243 -2 0 -3.8 -1.5321E-05 4.638E-11
244 -2 0 -3.9 -1.5321E-05 4.726E-11
245 -2 0 -4 -1.5326E-05 4.865E-11
246 -2 0 -4.1 -1.5324E-05 5.148E-11
247 -2 0 -4.2 -1.5324E-05 5.552E-11
248 -2 0 -4.3 -1.533E-05 6.211E-11
249 -2 0 -4.4 -1.5328E-05 7.203E-11
250 -2 0 -4.5 -1.5323E-05 8.764E-11
251 -2 0 -4.6 -1.5328E-05 1.0828E-10
252 -2 0 -4.7 -1.5327E-05 1.3837E-10
253 -2 0 -4.8 -1.5331E-05 1.8079E-10
254 -2 0 -4.9 -1.5329E-05 2.3953E-10
255 -2 0 -5 -1.5332E-05 3.216E-10
256 -2.5 0 0 2.3358E-08 4.391E-11
257 -2.5 0 -0.1 -3.6155E-06 4.381E-11
258 -2.5 0 -0.2 -6.9568E-06 4.383E-11
259 -2.5 0 -0.3 -1.00115E-05 4.392E-11
260 -2.5 0 -0.4 -1.2781E-05 4.393E-11
261 -2.5 0 -0.5 -1.5271E-05 4.417E-11
262 -2.5 0 -0.6 -1.7493E-05 4.412E-11
263 -2.5 0 -0.7 -1.9441E-05 4.41E-11
264 -2.5 0 -0.8 -2.1126E-05 4.437E-11
265 -2.5 0 -0.9 -2.2555E-05 4.446E-11
266 -2.5 0 -1 -2.3732E-05 4.449E-11
267 -2.5 0 -1.1 -2.466E-05 4.447E-11
268 -2.5 0 -1.2 -2.5364E-05 4.459E-11
269 -2.5 0 -1.3 -2.5855E-05 4.462E-11
270 -2.5 0 -1.4 -2.6163E-05 4.455E-11
271 -2.5 0 -1.5 -2.6323E-05 4.469E-11
272 -2.5 0 -1.6 -2.6392E-05 4.475E-11
273 -2.5 0 -1.7 -2.6419E-05 4.482E-11
274 -2.5 0 -1.8 -2.6428E-05 4.485E-11
275 -2.5 0 -1.9 -2.6435E-05 4.493E-11
276 -2.5 0 -2 -2.644E-05 4.487E-11
277 -2.5 0 -2.1 -2.6443E-05 4.489E-11
278 -2.5 0 -2.2 -2.6444E-05 4.5E-11
279 -2.5 0 -2.3 -2.6448E-05 4.499E-11
280 -2.5 0 -2.4 -2.6451E-05 4.504E-11
281 -2.5 0 -2.5 -2.6455E-05 4.518E-11
282 -2.5 0 -2.6 -2.6455E-05 4.513E-11
283 -2.5 0 -2.7 -2.6458E-05 4.523E-11
284 -2.5 0 -2.8 -2.6459E-05 4.52E-11
285 -2.5 0 -2.9 -2.6459E-05 4.52E-11
286 -2.5 0 -3 -2.6462E-05 4.512E-11
287 -2.5 0 -3.1 -2.6464E-05 4.526E-11
288 -2.5 0 -3.2 -2.6466E-05 4.524E-11
289 -2.5 0 -3.3 -2.6467E-05 4.519E-11
290 -2.5 0 -3.4 -2.6467E-05 4.499E-11
291 -2.5 0 -3.5 -2.6471E-05 4.482E-11
292 -2.5 0 -3.6 -2.6472E-05 4.489E-11
293 -2.5 0 -3.7 -2.6473E-05 4.499E-11
294 -2.5 0 -3.8 -2.6476E-05 4.506E-11
295 -2.5 0 -3.9 -2.6475E-05 4.52E-11
296 -2.5 0 -4 -2.6478E-05 4.559E-11
297 -2.5 0 -4.1 -2.6479E-05 4.606E-11
298 -2.5 0 -4.2 -2.6481E-05 4.714E-11
299 -2.5 0 -4.3 -2.6481E-05 4.871E-11
300 -2.5 0 -4.4 -2.6483E-05 5.145E-11
301 -2.5 0 -4.5 -2.6483E-05 5.591E-11
302 -2.5 0 -4.6 -2.6486E-05 6.315E-11
303 -2.5 0 -4.7 -2.6487E-05 7.359E-11
304 -2.5 0 -4.8 -2.6489E-05 9.117E-11
305 -2.5 0 -4.9 -2.6491E-05 1.1467E-10
306 -2.5 0 -5 -2.6491E-05 1.4912E-10
307 -3 0 0 2.8717E-08 4.403E-11
308 -3 0 -0.1 -4.4262E-06 4.414E-11
309 -3 0 -0.2 -8.5929E-06 4.416E-11
310 -3 0 -0.3 -1.2483E-05 4.437E-11
311 -3 0 -0.4 -1.6098E-05 4.444E-11
312 -3 0 -0.5 -1.9446E-05 4.436E-11
313 -3 0 -0.6 -2.2523E-05 4.447E-11
314 -3 0 -0.7 -2.5338E-05 4.453E-11
315 -3 0 -0.8 -2.7893E-05 4.464E-11
316 -3 0 -0.9 -3.0192E-05 4.466E-11
317 -3 0 -1 -3.2236E-05 4.469E-11
318 -3 0 -1.1 -3.4017E-05 4.466E-11
319 -3 0 -1.2 -3.5569E-05 4.48E-11
320 -3 0 -1.3 -3.6877E-05 4.476E-11
321 -3 0 -1.4 -3.7947E-05 4.477E-11
322 -3 0 -1.5 -3.8792E-05 4.479E-11
323 -3 0 -1.6 -3.9424E-05 4.484E-11
324 -3 0 -1.7 -3.986E-05 4.496E-11
325 -3 0 -1.8 -4.0127E-05 4.489E-11
326 -3 0 -1.9 -4.0265E-05 4.502E-11
327 -3 0 -2 -4.0329E-05 4.499E-11
328 -3 0 -2.1 -4.0358E-05 4.507E-11
329 -3 0 -2.2 -4.0371E-05 4.514E-11
330 -3 0 -2.3 -4.0383E-05 4.505E-11
331 -3 0 -2.4 -4.0389E-05 4.518E-11
332 -3 0 -2.5 -4.039E-05 4.525E-11
333 -3 0 -2.6 -4.0395E-05 4.518E-11
334 -3 0 -2.7 -4.04E-05 4.516E-11
335 -3 0 -2.8 -4.0403E-05 4.525E-11
336 -3 0 -2.9 -4.0405E-05 4.513E-11
337 -3 0 -3 -4.041E-05 4.528E-11
338 -3 0 -3.1 -4.0412E-05 4.528E-11
339 -3 0 -3.2 -4.0416E-05 4.532E-11
340 -3 0 -3.3 -4.0417E-05 4.523E-11
341 -3 0 -3.4 -4.0419E-05 4.528E-11
342 -3 0 -3.5 -4.0424E-05 4.527E-11
343 -3 0 -3.6 -4.0427E-05 4.539E-11
344 -3 0 -3.7 -4.0426E-05 4.532E-11
345 -3 0 -3.8 -4.043E-05 4.54E-11
346 -3 0 -3.9 -4.0435E-05 4.546E-11
347 -3 0 -4 -4.0434E-05 4.535E-11
348 -3 0 -4.1 -4.0437E-05 4.545E-11
349 -3 0 -4.2 -4.044E-05 4.559E-11
350 -3 0 -4.3 -4.0442E-05 4.577E-11
351 -3 0 -4.4 -4.0441E-05 4.593E-11
352 -3 0 -4.5 -4.0444E-05 4.658E-11
353 -3 0 -4.6 -4.0447E-05 4.806E-11
354 -3 0 -4.7 -4.0449E-05 5.047E-11
355 -3 0 -4.8 -4.0452E-05 5.453E-11
356 -3 0 -4.9 -4.0456E-05 6.059E-11
357 -3 0 -5 -4.0455E-05 7.001E-11
358 -3.5 0 0 3.2173E-08 4.402E-11
359 -3.5 0 -0.1 -5.1803E-06 4.404E-11
360 -3.5 0 -0.2 -1.01163E-05 4.4E-11
361 -3.5 0 -0.3 -1.4787E-05 4.442E-11
362 -3.5 0 -0.4 -1.9192E-05 4.451E-11
363 -3.5 0 -0.5 -2.3335E-05 4.45E-11
364 -3.5 0 -0.6 -2.7222E-05 4.451E-11
365 -3.5 0 -0.7 -3.0856E-05 4.439E-11
366 -3.5 0 -0.8 -3.4237E-05 4.487E-11
367 -3.5 0 -0.9 -3.7372E-05 4.444E-11
368 -3.5 0 -1 -4.0255E-05 4.45E-11
369 -3.5 0 -1.1 -4.2873E-05 4.456E-11
370 -3.5 0 -1.2 -4.5267E-05 4.467E-11
371 -3.5 0 -1.3 -4.7419E-05 4.473E-11
372 -3.5 0 -1.4 -4.9334E-05 4.471E-11
373 -3.5 0 -1.5 -5.1012E-05 4.489E-11
374 -3.5 0 -1.6 -5.2457E-05 4.517E-11
375 -3.5 0 -1.7 -5.3674E-05 4.485E-11
376 -3.5 0 -1.8 -5.4667E-05 4.488E-11
377 -3.5 0 -1.9 -5.5444E-05 4.496E-11
378 -3.5 0 -2 -5.6023E-05 4.504E-11
379 -3.5 0 -2.1 -5.6418E-05 4.502E-11
380 -3.5 0 -2.2 -5.6665E-05 4.506E-11
381 -3.5 0 -2.3 -5.6796E-05 4.519E-11
382 -3.5 0 -2.4 -5.6858E-05 4.513E-11
383 -3.5 0 -2.5 -5.6889E-05 4.521E-11
384 -3.5 0 -2.6 -5.6907E-05 4.528E-11
385 -3.5 0 -2.7 -5.6919E-05 4.525E-11
386 -3.5 0 -2.8 -5.6927E-05 4.526E-11
387 -3.5 0 -2.9 -5.6936E-05 4.537E-11
388 -3.5 0 -3 -5.694E-05 4.544E-11
389 -3.5 0 -3.1 -5.6946E-05 4.55E-11
390 -3.5 0 -3.2 -5.6947E-05 4.534E-11
391 -3.5 0 -3.3 -5.6954E-05 4.558E-11
392 -3.5 0 -3.4 -5.6957E-05 4.566E-11
393 -3.5 0 -3.5 -5.6964E-05 4.561E-11
394 -3.5 0 -3.6 -5.6967E-05 4.57E-11
395 -3.5 0 -3.7 -5.697E-05 4.568E-11
396 -3.5 0 -3.8 -5.6975E-05 4.574E-11
397 -3.5 0 -3.9 -5.6978E-05 4.577E-11
398 -3.5 0 -4 -5.6982E-05 4.578E-11
399 -3.5 0 -4.1 -5.6984E-05 4.59E-11
400 -3.5 0 -4.2 -5.6986E-05 4.581E-11
401 -3.5 0 -4.3 -5.6992E-05 4.593E-11
402 -3.5 0 -4.4 -5.6993E-05 4.596E-11
403 -3.5 0 -4.5 -5.6999E-05 4.586E-11
404 -3.5 0 -4.6 -5.7E-05 4.627E-11
405 -3.5 0 -4.7 -5.7E-05 4.649E-11
406 -3.5 0 -4.8 -5.7006E-05 4.661E-11
407 -3.5 0 -4.9 -5.701E-05 4.769E-11
408 -3.5 0 -5 -5.7012E-05 4.924E-11
409 -4 0 0 3.6542E-08 4.451E-11
410 -4 0 -0.1 -5.8861E-06 4.431E-11
411 -4 0 -0.2 -1.1541E-05 4.464E-11
412 -4 0 -0.3 -1.6942E-05 4.452E-11
413 -4 0 -0.4 -2.2089E-05 4.431E-11
414 -4 0 -0.5 -2.698E-05 4.443E-11
415 -4 0 -0.6 -3.1627E-05 4.474E-11
416 -4 0 -0.7 -3.6027E-05 4.488E-11
417 -4 0 -0.8 -4.0187E-05 4.493E-11
418 -4 0 -0.9 -4.4106E-05 4.51E-11
419 -4 0 -1 -4.7782E-05 4.511E-11
420 -4 0 -1.1 -5.1198E-05 4.525E-11
421 -4 0 -1.2 -5.4404E-05 4.538E-11
422 -4 0 -1.3 -5.7373E-05 4.543E-11
423 -4 0 -1.4 -6.0109E-05 4.555E-11
424 -4 0 -1.5 -6.2608E-05 4.549E-11
425 -4 0 -1.6 -6.4877E-05 4.549E-11
426 -4 0 -1.7 -6.6919E-05 4.569E-11
427 -4 0 -1.8 -6.8734E-05 4.561E-11
428 -4 0 -1.9 -7.032E-05 4.562E-11
429 -4 0 -2 -7.1689E-05 4.577E-11
430 -4 0 -2.1 -7.2837E-05 4.581E-11
431 -4 0 -2.2 -7.3772E-05 4.57E-11
432 -4 0 -2.3 -7.4507E-05 4.585E-11
433 -4 0 -2.4 -7.5051E-05 4.601E-11
434 -4 0 -2.5 -7.5419E-05 4.611E-11
435 -4 0 -2.6 -7.5654E-05 4.57E-11
436 -4 0 -2.7 -7.5783E-05 4.569E-11
437 -4 0 -2.8 -7.5852E-05 4.584E-11
438 -4 0 -2.9 -7.5886E-05 4.587E-11
439 -4 0 -3 -7.591E-05 4.577E-11
440 -4 0 -3.1 -7.5923E-05 4.57E-11
441 -4 0 -3.2 -7.5932E-05 4.581E-11
442 -4 0 -3.3 -7.5942E-05 4.587E-11
443 -4 0 -3.4 -7.5951E-05 4.559E-11
444 -4 0 -3.5 -7.5958E-05 4.58E-11
445 -4 0 -3.6 -7.5964E-05 4.577E-11
446 -4 0 -3.7 -7.5972E-05 4.574E-11
447 -4 0 -3.8 -7.5977E-05 4.588E-11
448 -4 0 -3.9 -7.598E-05 4.573E-11
449 -4 0 -4 -7.5989E-05 4.585E-11
450 -4 0 -4.1 -7.5992E-05 4.574E-11
451 -4 0 -4.2 -7.6001E-05 4.576E-11
452 -4 0 -4.3 -7.6003E-05 4.583E-11
453 -4 0 -4.4 -7.6004E-05 4.596E-11
454 -4 0 -4.5 -7.6011E-05 4.6E-11
455 -4 0 -4.6 -7.6015E-05 4.618E-11
456 -4 0 -4.7 -7.602E-05 4.621E-11
457 -4 0 -4.8 -7.6023E-05 4.641E-11
458 -4 0 -4.9 -7.6027E-05 4.64E-11
459 -4 0 -5 -7.6031E-05 4.655E-11
460 -4.5 0 0 4.0476E-08 4.423E-11
461 -4.5 0 -0.1 -6.5483E-06 4.5E-11
462 -4.5 0 -0.2 -1.2881E-05 4.459E-11
463 -4.5 0 -0.3 -1.8962E-05 4.517E-11
464 -4.5 0 -0.4 -2.4801E-05 4.526E-11
465 -4.5 0 -0.5 -3.0396E-05 4.519E-11
466 -4.5 0 -0.6 -3.5749E-05 4.557E-11
467 -4.5 0 -0.7 -4.0873E-05 4.563E-11
468 -4.5 0 -0.8 -4.5761E-05 4.56E-11
469 -4.5 0 -0.9 -5.0418E-05 4.577E-11
470 -4.5 0 -1 -5.4841E-05 4.587E-11
471 -4.5 0 -1.1 -5.9007E-05 4.572E-11
472 -4.5 0 -1.2 -6.2976E-05 4.57E-11
473 -4.5 0 -1.3 -6.6716E-05 4.577E-11
474 -4.5 0 -1.4 -7.0233E-05 4.596E-11
475 -4.5 0 -1.5 -7.352E-05 4.568E-11
476 -4.5 0 -1.6 -7.6583E-05 4.563E-11
477 -4.5 0 -1.7 -7.9422E-05 4.584E-11
478 -4.5 0 -1.8 -8.204E-05 4.601E-11
479 -4.5 0 -1.9 -8.4431E-05 4.607E-11
480 -4.5 0 -2 -8.6604E-05 4.619E-11
481 -4.5 0 -2.1 -8.8559E-05 4.614E-11
482 -4.5 0 -2.2 -9.0296E-05 4.626E-11
483 -4.5 0 -2.3 -9.1815E-05 4.64E-11
484 -4.5 0 -2.4 -9.3122E-05 4.647E-11
485 -4.5 0 -2.5 -9.4213E-05 4.656E-11
486 -4.5 0 -2.6 -9.5107E-05 4.651E-11
487 -4.5 0 -2.7 -9.581E-05 4.658E-11
488 -4.5 0 -2.8 -9.6331E-05 4.672E-11
489 -4.5 0 -2.9 -9.6695E-05 4.663E-11
490 -4.5 0 -3 -9.6923E-05 4.689E-11
491 -4.5 0 -3.1 -9.7057E-05 4.688E-11
492 -4.5 0 -3.2 -9.7129E-05 4.685E-11
493 -4.5 0 -3.3 -9.7175E-05 4.685E-11
494 -4.5 0 -3.4 -9.7202E-05 4.674E-11
495 -4.5 0 -3.5 -9.7219E-05 4.695E-11
496 -4.5 0 -3.6 -9.723E-05 4.687E-11
497 -4.5 0 -3.7 -9.7244E-05 4.696E-11
498 -4.5 0 -3.8 -9.7254E-05 4.699E-11
499 -4.5 0 -3.9 -9.7264E-05 4.708E-11
500 -4.5 0 -4 -9.7271E-05 4.702E-11
501 -4.5 0 -4.1 -9.7279E-05 4.698E-11
502 -4.5 0 -4.2 -9.7284E-05 4.705E-11
503 -4.5 0 -4.3 -9.7292E-05 4.701E-11
504 -4.5 0 -4.4 -9.7298E-05 4.712E-11
505 -4.5 0 -4.5 -9.7305E-05 4.708E-11
506 -4.5 0 -4.6 -9.7309E-05 4.717E-11
507 -4.5 0 -4.7 -9.7317E-05 4.726E-11
508 -4.5 0 -4.8 -9.732E-05 4.717E-11
509 -4.5 0 -4.9 -9.7326E-05 4.714E-11
510 -4.5 0 -5 -9.7331E-05 4.725E-11
511 -5 0 0 4.5195E-08 4.529E-11
512 -5 0 -0.1 -7.1723E-06 4.581E-11
513 -5 0 -0.2 -1.4137E-05 4.554E-11
514 -5 0 -0.3 -2.086E-05 4.555E-11
515 -5 0 -0.4 -2.7349E-05 4.577E-11
516 -5 0 -0.5 -3.3601E-05 4.58E-11
517 -5 0 -0.6 -3.9626E-05 4.59E-11
518 -5 0 -0.7 -4.5423E-05 4.598E-11
519 -5 0 -0.8 -5.0995E-05 4.605E-11
520 -5 0 -0.9 -5.6343E-05 4.626E-11
521 -5 0 -1 -6.1469E-05 4.621E-11
522 -5 0 -1.1 -6.6337E-05 4.642E-11
523 -5 0 -1.2 -7.1025E-05 4.631E-11
524 -5 0 -1.3 -7.5494E-05 4.64E-11
525 -5 0 -1.4 -7.9742E-05 4.657E-11
526 -5 0 -1.5 -8.3773E-05 4.66E-11
527 -5 0 -1.6 -8.7585E-05 4.663E-11
528 -5 0 -1.7 -9.1188E-05 4.662E-11
529 -5 0 -1.8 -9.4569E-05 4.684E-11
530 -5 0 -1.9 -9.7734E-05 4.685E-11
531 -5 0 -2 -0.000100686 4.687E-11
532 -5 0 -2.1 -0.000103419 4.701E-11
533 -5 0 -2.2 -0.000105941 4.702E-11
534 -5 0 -2.3 -0.000108248 4.721E-11
535 -5 0 -2.4 -0.000110343 4.709E-11
536 -5 0 -2.5 -0.000112216 4.721E-11
537 -5 0 -2.6 -0.000113892 4.728E-11
538 -5 0 -2.7 -0.00011535 4.691E-11
539 -5 0 -2.8 -0.00011662 4.718E-11
540 -5 0 -2.9 -0.00011767 4.69E-11
541 -5 0 -3 -0.00011855 4.708E-11
542 -5 0 -3.1 -0.00011925 4.693E-11
543 -5 0 -3.2 -0.00011972 4.702E-11
544 -5 0 -3.3 -0.00012009 4.7E-11
545 -5 0 -3.4 -0.00012033 4.7E-11
546 -5 0 -3.5 -0.00012047 4.712E-11
547 -5 0 -3.6 -0.00012055 4.709E-11
548 -5 0 -3.7 -0.0001206 4.713E-11
549 -5 0 -3.8 -0.00012064 4.723E-11
550 -5 0 -3.9 -0.00012068 4.714E-11
551 -5 0 -4 -0.00012068 4.715E-11
552 -5 0 -4.1 -0.00012069 4.726E-11
553 -5 0 -4.2 -0.00012071 4.713E-11
554 -5 0 -4.3 -0.00012071 4.717E-11
555 -5 0 -4.4 -0.00012074 4.733E-11
556 -5 0 -4.5 -0.00012075 4.722E-11
557 -5 0 -4.6 -0.00012075 4.729E-11
558 -5 0 -4.7 -0.00012075 4.725E-11
559 -5 0 -4.8 -0.00012076 4.729E-11
560 -5 0 -4.9 -0.00012076 4.741E-11
561 -5 0 -5 -0.00012079 4.73E-11
